1	0
2	1
4	2
5	3
7	4
8	5
9	6
10	7
12	8
15	9
17	10
18	11
19	12
21	13
23	14
24	15
26	16
27	17
29	18
30	19
31	20
32	21
33	22
34	23
36	24
37	25
38	26
41	27
42	28
46	29
47	30
49	31
50	32
51	33
52	34
53	35
54	36
55	37
56	38
58	39
59	40
60	41
61	42
62	43
63	44
64	45
65	46
68	47
69	48
70	49
72	50
73	51
74	52
76	53
77	54
78	55
79	56
80	57
82	58
83	59
89	60
90	61
91	62
93	63
94	64
97	65
98	66
99	67
100	68
102	69
103	70
104	71
105	72
107	73
108	74
109	75
111	76
113	77
114	78
115	79
116	80
118	81
120	82
121	83
122	84
123	85
125	86
126	87
127	88
128	89
129	90
131	91
132	92
135	93
136	94
138	95
139	96
142	97
144	98
145	99
146	100
148	101
149	102
150	103
152	104
153	105
156	106
157	107
158	108
160	109
161	110
163	111
164	112
167	113
168	114
169	115
170	116
171	117
172	118
173	119
174	120
175	121
176	122
177	123
180	124
182	125
184	126
185	127
187	128
189	129
190	130
191	131
192	132
194	133
195	134
196	135
197	136
198	137
199	138
200	139
201	140
202	141
204	142
205	143
207	144
208	145
209	146
210	147
211	148
212	149
213	150
214	151
215	152
216	153
217	154
218	155
219	156
220	157
221	158
222	159
223	160
224	161
226	162
227	163
228	164
229	165
230	166
231	167
232	168
234	169
235	170
236	171
237	172
238	173
239	174
240	175
241	176
242	177
243	178
244	179
245	180
246	181
247	182
248	183
249	184
250	185
251	186
252	187
253	188
254	189
255	190
256	191
257	192
258	193
259	194
260	195
261	196
262	197
263	198
264	199
265	200
266	201
267	202
268	203
269	204
270	205
271	206
272	207
274	208
275	209
276	210
277	211
278	212
279	213
280	214
281	215
282	216
284	217
285	218
286	219
287	220
288	221
289	222
290	223
291	224
292	225
293	226
294	227
295	228
296	229
297	230
298	231
299	232
300	233
301	234
302	235
303	236
304	237
305	238
306	239
307	240
308	241
309	242
310	243
311	244
312	245
315	246
316	247
317	248
318	249
319	250
320	251
321	252
322	253
324	254
325	255
326	256
327	257
328	258
329	259
330	260
331	261
332	262
333	263
334	264
335	265
336	266
337	267
338	268
339	269
340	270
341	271
342	272
343	273
344	274
346	275
347	276
348	277
349	278
350	279
351	280
352	281
353	282
354	283
355	284
356	285
357	286
358	287
359	288
360	289
361	290
362	291
363	292
364	293
365	294
366	295
367	296
368	297
369	298
370	299
371	300
372	301
374	302
375	303
376	304
377	305
378	306
379	307
380	308
381	309
382	310
384	311
385	312
386	313
387	314
388	315
389	316
390	317
391	318
392	319
394	320
395	321
396	322
397	323
398	324
400	325
401	326
402	327
404	328
405	329
406	330
407	331
408	332
409	333
410	334
411	335
412	336
413	337
414	338
415	339
416	340
417	341
418	342
419	343
420	344
421	345
422	346
423	347
424	348
425	349
426	350
427	351
428	352
430	353
431	354
432	355
433	356
434	357
435	358
436	359
437	360
439	361
440	362
441	363
442	364
444	365
446	366
447	367
448	368
450	369
451	370
452	371
453	372
454	373
455	374
456	375
457	376
458	377
460	378
461	379
462	380
464	381
465	382
466	383
467	384
468	385
469	386
470	387
471	388
472	389
473	390
474	391
475	392
476	393
477	394
478	395
479	396
480	397
481	398
482	399
483	400
484	401
485	402
486	403
487	404
488	405
489	406
490	407
491	408
492	409
493	410
494	411
495	412
496	413
497	414
498	415
499	416
500	417
501	418
502	419
503	420
504	421
505	422
506	423
508	424
509	425
510	426
511	427
512	428
513	429
514	430
515	431
516	432
517	433
518	434
519	435
520	436
521	437
522	438
523	439
524	440
525	441
526	442
527	443
528	444
529	445
530	446
531	447
532	448
533	449
534	450
535	451
536	452
537	453
538	454
541	455
542	456
543	457
544	458
546	459
547	460
548	461
549	462
550	463
551	464
552	465
554	466
555	467
556	468
558	469
559	470
560	471
561	472
562	473
563	474
564	475
565	476
567	477
568	478
569	479
570	480
571	481
572	482
574	483
575	484
576	485
577	486
578	487
579	488
580	489
582	490
583	491
584	492
585	493
586	494
587	495
588	496
589	497
590	498
591	499
592	500
593	501
594	502
595	503
597	504
598	505
599	506
600	507
601	508
602	509
603	510
604	511
606	512
607	513
609	514
610	515
612	516
613	517
614	518
615	519
617	520
618	521
619	522
620	523
623	524
624	525
625	526
626	527
627	528
628	529
629	530
631	531
632	532
634	533
635	534
636	535
637	536
638	537
639	538
640	539
641	540
642	541
643	542
644	543
645	544
646	545
647	546
648	547
649	548
650	549
652	550
654	551
655	552
656	553
657	554
658	555
659	556
660	557
661	558
662	559
664	560
665	561
666	562
667	563
668	564
669	565
670	566
671	567
673	568
674	569
675	570
676	571
678	572
679	573
680	574
682	575
683	576
684	577
685	578
686	579
687	580
688	581
689	582
690	583
691	584
692	585
693	586
695	587
696	588
697	589
698	590
699	591
700	592
701	593
702	594
703	595
704	596
705	597
706	598
707	599
708	600
709	601
710	602
712	603
713	604
714	605
715	606
716	607
717	608
718	609
720	610
721	611
723	612
724	613
725	614
726	615
727	616
729	617
730	618
731	619
732	620
733	621
734	622
735	623
736	624
737	625
738	626
739	627
741	628
742	629
745	630
746	631
747	632
748	633
749	634
750	635
751	636
752	637
753	638
755	639
756	640
757	641
760	642
761	643
762	644
763	645
764	646
765	647
766	648
768	649
769	650
770	651
772	652
774	653
775	654
776	655
777	656
778	657
781	658
782	659
783	660
784	661
785	662
786	663
787	664
788	665
789	666
790	667
791	668
793	669
794	670
795	671
796	672
797	673
798	674
799	675
800	676
801	677
802	678
803	679
804	680
806	681
807	682
808	683
809	684
810	685
813	686
814	687
815	688
816	689
817	690
818	691
820	692
823	693
824	694
825	695
826	696
828	697
829	698
830	699
832	700
833	701
834	702
836	703
837	704
838	705
839	706
840	707
841	708
842	709
843	710
844	711
845	712
846	713
847	714
848	715
849	716
850	717
851	718
853	719
854	720
855	721
856	722
857	723
858	724
859	725
861	726
863	727
864	728
865	729
866	730
868	731
871	732
873	733
874	734
875	735
877	736
878	737
879	738
880	739
882	740
883	741
885	742
887	743
888	744
889	745
890	746
891	747
892	748
893	749
894	750
896	751
897	752
898	753
900	754
901	755
902	756
903	757
904	758
905	759
906	760
907	761
909	762
910	763
911	764
913	765
914	766
915	767
916	768
917	769
918	770
919	771
920	772
924	773
925	774
926	775
927	776
928	777
929	778
930	779
931	780
932	781
934	782
935	783
936	784
937	785
938	786
939	787
940	788
941	789
942	790
945	791
946	792
947	793
948	794
949	795
950	796
951	797
952	798
955	799
956	800
957	801
958	802
959	803
961	804
962	805
963	806
964	807
965	808
966	809
967	810
968	811
969	812
971	813
972	814
973	815
974	816
975	817
976	818
977	819
978	820
979	821
980	822
981	823
982	824
984	825
985	826
986	827
987	828
989	829
990	830
991	831
992	832
993	833
996	834
997	835
998	836
999	837
1000	838
1002	839
1003	840
1004	841
1005	842
1007	843
1008	844
1010	845
1011	846
1012	847
1013	848
1014	849
1015	850
1016	851
1017	852
1018	853
1019	854
1020	855
1024	856
1025	857
1026	858
1028	859
1029	860
1030	861
1031	862
1032	863
1033	864
1034	865
1035	866
1036	867
1037	868
1038	869
1039	870
1040	871
1041	872
1042	873
1043	874
1044	875
1045	876
1047	877
1048	878
1049	879
1050	880
1052	881
1054	882
1055	883
1056	884
1057	885
1058	886
1059	887
1060	888
1062	889
1064	890
1066	891
1067	892
1068	893
1069	894
1070	895
1073	896
1074	897
1075	898
1076	899
1077	900
1078	901
1079	902
1080	903
1081	904
1082	905
1083	906
1084	907
1086	908
1087	909
1088	910
1089	911
1090	912
1091	913
1092	914
1093	915
1094	916
1095	917
1096	918
1097	919
1098	920
1099	921
1100	922
1103	923
1104	924
1105	925
1107	926
1108	927
1109	928
1110	929
1111	930
1112	931
1113	932
1114	933
1117	934
1118	935
1119	936
1120	937
1121	938
1122	939
1123	940
1126	941
1127	942
1128	943
1129	944
1130	945
1132	946
1133	947
1134	948
1135	949
1136	950
1138	951
1139	952
1141	953
1144	954
1145	955
1146	956
1149	957
1150	958
1151	959
1152	960
1154	961
1155	962
1156	963
1157	964
1158	965
1159	966
1160	967
1161	968
1162	969
1163	970
1166	971
1167	972
1169	973
1171	974
1173	975
1174	976
1179	977
1180	978
1181	979
1183	980
1184	981
1188	982
1189	983
1190	984
1191	985
1192	986
1193	987
1195	988
1196	989
1198	990
1199	991
1201	992
1203	993
1204	994
1205	995
1206	996
1208	997
1210	998
1211	999
1212	1000
1215	1001
1216	1002
1217	1003
1218	1004
1219	1005
1220	1006
1222	1007
1223	1008
1224	1009
1226	1010
1227	1011
1229	1012
1230	1013
1231	1014
1232	1015
1233	1016
1236	1017
1237	1018
1238	1019
1240	1020
1241	1021
1242	1022
1243	1023
1246	1024
1247	1025
1249	1026
1250	1027
1252	1028
1253	1029
1257	1030
1258	1031
1260	1032
1261	1033
1262	1034
1263	1035
1264	1036
1265	1037
1267	1038
1268	1039
1269	1040
1270	1041
1271	1042
1274	1043
1275	1044
1276	1045
1277	1046
1278	1047
1279	1048
1280	1049
1281	1050
1283	1051
1284	1052
1285	1053
1287	1054
1288	1055
1292	1056
1294	1057
1295	1058
1296	1059
1300	1060
1301	1061
1303	1062
1305	1063
1308	1064
1309	1065
1311	1066
1312	1067
1313	1068
1315	1069
1317	1070
1318	1071
1320	1072
1321	1073
1322	1074
1323	1075
1324	1076
1325	1077
1326	1078
1328	1079
1329	1080
1330	1081
1331	1082
1332	1083
1333	1084
1334	1085
1335	1086
1336	1087
1339	1088
1343	1089
1344	1090
1345	1091
1346	1092
1347	1093
1350	1094
1353	1095
1354	1096
1355	1097
1356	1098
1358	1099
1359	1100
1360	1101
1361	1102
1362	1103
1363	1104
1364	1105
1365	1106
1366	1107
1367	1108
1368	1109
1369	1110
1370	1111
1371	1112
1372	1113
1373	1114
1374	1115
1375	1116
1377	1117
1378	1118
1379	1119
1380	1120
1381	1121
1383	1122
1385	1123
1386	1124
1387	1125
1388	1126
1389	1127
1390	1128
1391	1129
1392	1130
1393	1131
1394	1132
1396	1133
1398	1134
1399	1135
1400	1136
1401	1137
1402	1138
1403	1139
1404	1140
1405	1141
1406	1142
1407	1143
1408	1144
1409	1145
1410	1146
1411	1147
1412	1148
1415	1149
1416	1150
1417	1151
1418	1152
1419	1153
1420	1154
1421	1155
1424	1156
1425	1157
1428	1158
1429	1159
1430	1160
1434	1161
1435	1162
1436	1163
1437	1164
1438	1165
1439	1166
1440	1167
1441	1168
1443	1169
1445	1170
1446	1171
1447	1172
1450	1173
1452	1174
1453	1175
1455	1176
1456	1177
1458	1178
1459	1179
1460	1180
1461	1181
1462	1182
1463	1183
1465	1184
1466	1185
1467	1186
1469	1187
1470	1188
1471	1189
1472	1190
1474	1191
1475	1192
1477	1193
1478	1194
1479	1195
1480	1196
1481	1197
1484	1198
1485	1199
1486	1200
1488	1201
1489	1202
1490	1203
1491	1204
1492	1205
1494	1206
1496	1207
1499	1208
1500	1209
1503	1210
1506	1211
1507	1212
1508	1213
1510	1214
1511	1215
1512	1216
1513	1217
1514	1218
1515	1219
1516	1220
1519	1221
1520	1222
1521	1223
1522	1224
1523	1225
1524	1226
1525	1227
1526	1228
1527	1229
1528	1230
1530	1231
1532	1232
1535	1233
1536	1234
1537	1235
1538	1236
1539	1237
1540	1238
1541	1239
1542	1240
1543	1241
1544	1242
1546	1243
1547	1244
1548	1245
1549	1246
1550	1247
1551	1248
1552	1249
1553	1250
1554	1251
1557	1252
1559	1253
1560	1254
1561	1255
1562	1256
1563	1257
1564	1258
1565	1259
1566	1260
1567	1261
1568	1262
1571	1263
1572	1264
1573	1265
1575	1266
1577	1267
1578	1268
1579	1269
1580	1270
1581	1271
1584	1272
1585	1273
1586	1274
1587	1275
1589	1276
1590	1277
1591	1278
1593	1279
1594	1280
1595	1281
1596	1282
1597	1283
1598	1284
1599	1285
1600	1286
1601	1287
1603	1288
1604	1289
1605	1290
1606	1291
1607	1292
1609	1293
1611	1294
1612	1295
1614	1296
1616	1297
1619	1298
1620	1299
1621	1300
1622	1301
1624	1302
1625	1303
1627	1304
1629	1305
1630	1306
1632	1307
1634	1308
1635	1309
1636	1310
1638	1311
1639	1312
1642	1313
1643	1314
1644	1315
1645	1316
1646	1317
1648	1318
1649	1319
1650	1320
1653	1321
1654	1322
1656	1323
1659	1324
1661	1325
1662	1326
1665	1327
1666	1328
1667	1329
1668	1330
1669	1331
1670	1332
1671	1333
1673	1334
1674	1335
1675	1336
1676	1337
1679	1338
1681	1339
1682	1340
1683	1341
1684	1342
1686	1343
1687	1344
1688	1345
1689	1346
1691	1347
1692	1348
1693	1349
1694	1350
1695	1351
1698	1352
1699	1353
1700	1354
1703	1355
1705	1356
1706	1357
1707	1358
1708	1359
1709	1360
1710	1361
1711	1362
1712	1363
1715	1364
1717	1365
1719	1366
1720	1367
1721	1368
1722	1369
1723	1370
1725	1371
1726	1372
1727	1373
1730	1374
1732	1375
1734	1376
1736	1377
1737	1378
1738	1379
1739	1380
1740	1381
1741	1382
1742	1383
1745	1384
1746	1385
1748	1386
1749	1387
1750	1388
1751	1389
1752	1390
1753	1391
1754	1392
1755	1393
1757	1394
1759	1395
1760	1396
1761	1397
1762	1398
1763	1399
1765	1400
1768	1401
1769	1402
1775	1403
1776	1404
1778	1405
1780	1406
1782	1407
1784	1408
1785	1409
1786	1410
1789	1411
1791	1412
1792	1413
1793	1414
1794	1415
1795	1416
1799	1417
1800	1418
1801	1419
1804	1420
1806	1421
1807	1422
1811	1423
1812	1424
1815	1425
1817	1426
1820	1427
1821	1428
1822	1429
1824	1430
1829	1431
1830	1432
1831	1433
1832	1434
1834	1435
1836	1436
1837	1437
1839	1438
1842	1439
1844	1440
1847	1441
1848	1442
1849	1443
1850	1444
1851	1445
1857	1446
1858	1447
1859	1448
1866	1449
1868	1450
1870	1451
1871	1452
1874	1453
1876	1454
1877	1455
1879	1456
1880	1457
1883	1458
1885	1459
1887	1460
1888	1461
1889	1462
1892	1463
1894	1464
1897	1465
1898	1466
1899	1467
1904	1468
1905	1469
1906	1470
1910	1471
1913	1472
1915	1473
1916	1474
1917	1475
1922	1476
1923	1477
1925	1478
1926	1479
1928	1480
1931	1481
1934	1482
1936	1483
1938	1484
1939	1485
1940	1486
1941	1487
1942	1488
1943	1489
1946	1490
1947	1491
1950	1492
1951	1493
1952	1494
1953	1495
1956	1496
1960	1497
1961	1498
1963	1499
1965	1500
1967	1501
1968	1502
1969	1503
1970	1504
1972	1505
1973	1506
1975	1507
1978	1508
1980	1509
1983	1510
1986	1511
1988	1512
1989	1513
1992	1514
1993	1515
1997	1516
1999	1517
