0	0
2	1
4	2
7	3
10	4
11	5
12	6
15	7
16	8
17	9
26	10
27	11
29	12
30	13
31	14
32	15
37	16
38	17
39	18
40	19
43	20
47	21
52	22
53	23
54	24
55	25
56	26
57	27
59	28
60	29
61	30
62	31
63	32
64	33
65	34
67	35
68	36
69	37
70	38
71	39
72	40
73	41
74	42
78	43
80	44
85	45
86	46
87	47
88	48
89	49
90	50
92	51
98	52
99	53
101	54
103	55
109	56
113	57
114	58
115	59
116	60
117	61
118	62
119	63
120	64
126	65
127	66
129	67
130	68
131	69
132	70
142	71
144	72
145	73
146	74
147	75
148	76
149	77
150	78
151	79
152	80
153	81
154	82
156	83
157	84
158	85
159	86
160	87
162	88
163	89
164	90
165	91
166	92
167	93
168	94
169	95
170	96
171	97
172	98
173	99
174	100
175	101
176	102
177	103
178	104
179	105
180	106
181	107
182	108
183	109
184	110
185	111
186	112
187	113
188	114
189	115
193	116
196	117
198	118
206	119
207	120
208	121
209	122
210	123
211	124
212	125
213	126
220	127
223	128
224	129
227	130
228	131
231	132
232	133
233	134
235	135
236	136
237	137
239	138
240	139
241	140
242	141
243	142
244	143
245	144
246	145
247	146
248	147
249	148
250	149
254	150
255	151
256	152
261	153
262	154
263	155
266	156
267	157
268	158
269	159
271	160
274	161
277	162
278	163
282	164
283	165
284	166
286	167
287	168
288	169
289	170
296	171
297	172
298	173
299	174
300	175
301	176
302	177
305	178
307	179
309	180
310	181
311	182
312	183
314	184
315	185
316	186
319	187
322	188
325	189
330	190
335	191
336	192
337	193
338	194
339	195
340	196
341	197
343	198
344	199
345	200
348	201
349	202
350	203
351	204
352	205
353	206
354	207
355	208
356	209
357	210
358	211
359	212
360	213
361	214
363	215
364	216
365	217
366	218
367	219
369	220
370	221
371	222
374	223
377	224
378	225
381	226
384	227
387	228
390	229
391	230
392	231
397	232
398	233
399	234
404	235
405	236
406	237
407	238
408	239
410	240
411	241
412	242
413	243
414	244
415	245
417	246
418	247
419	248
420	249
421	250
424	251
426	252
427	253
428	254
429	255
430	256
431	257
432	258
433	259
434	260
436	261
440	262
442	263
443	264
445	265
446	266
447	267
449	268
450	269
451	270
452	271
453	272
454	273
455	274
456	275
457	276
458	277
459	278
463	279
464	280
465	281
466	282
468	283
469	284
470	285
471	286
476	287
477	288
478	289
479	290
480	291
481	292
482	293
484	294
485	295
489	296
490	297
493	298
494	299
495	300
496	301
500	302
501	303
502	304
503	305
504	306
505	307
506	308
507	309
519	310
520	311
521	312
522	313
524	314
525	315
526	316
527	317
528	318
529	319
530	320
531	321
532	322
533	323
534	324
535	325
536	326
537	327
543	328
547	329
548	330
549	331
551	332
552	333
554	334
556	335
558	336
559	337
560	338
564	339
565	340
566	341
568	342
571	343
572	344
573	345
575	346
578	347
579	348
580	349
581	350
588	351
589	352
593	353
613	354
614	355
615	356
616	357
617	358
618	359
622	360
623	361
624	362
625	363
626	364
627	365
628	366
629	367
630	368
631	369
632	370
634	371
635	372
636	373
637	374
638	375
639	376
640	377
641	378
642	379
644	380
645	381
646	382
647	383
649	384
650	385
651	386
655	387
656	388
657	389
658	390
659	391
660	392
661	393
663	394
665	395
667	396
668	397
669	398
670	399
671	400
672	401
673	402
674	403
675	404
676	405
678	406
679	407
680	408
681	409
682	410
683	411
687	412
688	413
689	414
690	415
691	416
692	417
693	418
694	419
695	420
696	421
698	422
699	423
700	424
701	425
702	426
703	427
704	428
705	429
706	430
707	431
708	432
709	433
710	434
711	435
717	436
718	437
719	438
720	439
721	440
722	441
723	442
724	443
725	444
726	445
727	446
728	447
729	448
731	449
732	450
733	451
734	452
736	453
737	454
738	455
739	456
741	457
742	458
743	459
744	460
745	461
746	462
748	463
749	464
750	465
751	466
752	467
753	468
754	469
755	470
756	471
757	472
758	473
759	474
761	475
762	476
763	477
764	478
765	479
766	480
767	481
768	482
769	483
770	484
771	485
772	486
773	487
774	488
775	489
776	490
777	491
778	492
779	493
780	494
781	495
782	496
783	497
785	498
786	499
787	500
788	501
793	502
794	503
795	504
796	505
797	506
798	507
799	508
800	509
803	510
804	511
805	512
806	513
807	514
808	515
809	516
810	517
811	518
812	519
813	520
814	521
815	522
816	523
819	524
820	525
821	526
822	527
823	528
824	529
825	530
827	531
828	532
829	533
835	534
836	535
837	536
838	537
840	538
842	539
846	540
847	541
848	542
850	543
854	544
857	545
858	546
859	547
863	548
866	549
867	550
868	551
869	552
870	553
871	554
872	555
873	556
874	557
875	558
876	559
877	560
878	561
879	562
880	563
884	564
885	565
886	566
887	567
888	568
893	569
894	570
895	571
899	572
900	573
901	574
903	575
904	576
905	577
906	578
908	579
910	580
911	581
912	582
913	583
914	584
915	585
916	586
917	587
918	588
919	589
920	590
921	591
922	592
923	593
924	594
925	595
926	596
927	597
928	598
929	599
934	600
939	601
944	602
945	603
946	604
947	605
948	606
949	607
953	608
957	609
959	610
960	611
961	612
962	613
963	614
964	615
965	616
966	617
967	618
968	619
969	620
970	621
971	622
972	623
973	624
974	625
975	626
976	627
978	628
979	629
980	630
981	631
982	632
983	633
984	634
985	635
986	636
987	637
988	638
989	639
991	640
992	641
993	642
994	643
995	644
996	645
997	646
998	647
999	648
1000	649
1001	650
1002	651
1003	652
1004	653
1005	654
1006	655
1007	656
1008	657
1009	658
1010	659
1011	660
1012	661
1013	662
1014	663
1015	664
1017	665
1018	666
1019	667
1020	668
1021	669
1022	670
1023	671
1024	672
1025	673
1030	674
1033	675
1034	676
1035	677
1036	678
1037	679
1038	680
1039	681
1040	682
1041	683
1042	684
1045	685
1047	686
1052	687
1054	688
1055	689
1056	690
1057	691
1058	692
1059	693
1060	694
1061	695
1062	696
1063	697
1064	698
1067	699
1068	700
1069	701
1070	702
1071	703
1072	704
1073	705
1074	706
1075	707
1076	708
1077	709
1078	710
1084	711
1087	712
1088	713
1089	714
1090	715
1091	716
1094	717
1096	718
1097	719
1098	720
1099	721
1107	722
1108	723
1109	724
1121	725
1123	726
1124	727
1125	728
1126	729
1128	730
1132	731
1137	732
1139	733
1140	734
1141	735
1143	736
1144	737
1145	738
1146	739
1148	740
1149	741
1150	742
1151	743
1152	744
1153	745
1154	746
1157	747
1158	748
1159	749
1160	750
1161	751
1162	752
1164	753
1165	754
1166	755
1167	756
1168	757
1169	758
1170	759
1171	760
1172	761
1173	762
1174	763
1175	764
1176	765
1178	766
1179	767
1180	768
1181	769
1182	770
1183	771
1184	772
1185	773
1186	774
1187	775
1188	776
1189	777
1190	778
1191	779
1193	780
1199	781
1204	782
1205	783
1206	784
1207	785
1208	786
1209	787
1225	788
1227	789
1236	790
1247	791
1248	792
1249	793
1250	794
1251	795
1252	796
1253	797
1256	798
1271	799
1273	800
1274	801
1278	802
1280	803
1281	804
1282	805
1283	806
1287	807
1290	808
1292	809
1299	810
1300	811
1301	812
1302	813
1304	814
1307	815
1308	816
1309	817
1310	818
1311	819
1312	820
1313	821
1315	822
1317	823
1318	824
1319	825
1320	826
1321	827
1322	828
1327	829
1329	830
1330	831
1332	832
1333	833
1334	834
1335	835
1336	836
1337	837
1338	838
1341	839
1342	840
1343	841
1345	842
1346	843
1347	844
1351	845
1352	846
1353	847
1354	848
1355	849
1356	850
1358	851
1359	852
1360	853
1361	854
1368	855
1369	856
1370	857
1371	858
1372	859
1373	860
1374	861
1377	862
1378	863
1379	864
1381	865
1382	866
1383	867
1386	868
1387	869
1388	870
1389	871
1390	872
1391	873
1392	874
1402	875
1403	876
1405	877
1406	878
1407	879
1408	880
1409	881
1410	882
1411	883
1412	884
1414	885
1415	886
1416	887
1417	888
1419	889
1420	890
1421	891
1422	892
1423	893
1424	894
1425	895
1427	896
1432	897
1434	898
1435	899
1436	900
1441	901
1446	902
1447	903
1448	904
1449	905
1450	906
1451	907
1452	908
1454	909
1455	910
1456	911
1458	912
1460	913
1461	914
1462	915
1463	916
1464	917
1465	918
1466	919
1467	920
1472	921
1473	922
1474	923
1475	924
1476	925
1479	926
1480	927
1481	928
1482	929
1483	930
1485	931
1486	932
1487	933
1488	934
1490	935
1491	936
1493	937
1494	938
1495	939
1502	940
1516	941
1521	942
1522	943
1523	944
1525	945
1526	946
1527	947
1528	948
1529	949
1533	950
1538	951
1539	952
1541	953
1542	954
1543	955
1545	956
1546	957
1547	958
1548	959
1549	960
1550	961
1551	962
1552	963
1553	964
1554	965
1557	966
1558	967
1559	968
1561	969
1562	970
1563	971
1564	972
1566	973
1569	974
1572	975
1574	976
1575	977
1576	978
1579	979
1585	980
1587	981
1588	982
1589	983
1592	984
1596	985
1598	986
1599	987
1600	988
1602	989
1605	990
1606	991
1609	992
1610	993
1611	994
1612	995
1613	996
1614	997
1615	998
1616	999
1617	1000
1623	1001
1625	1002
1627	1003
1629	1004
1630	1005
1631	1006
1632	1007
1633	1008
1634	1009
1635	1010
1636	1011
1639	1012
1640	1013
1641	1014
1645	1015
1646	1016
1654	1017
1657	1018
1658	1019
1659	1020
1660	1021
1667	1022
1668	1023
1675	1024
1676	1025
1677	1026
1683	1027
1684	1028
1685	1029
1686	1030
1687	1031
1688	1032
1691	1033
1692	1034
1693	1035
1695	1036
1696	1037
1697	1038
1698	1039
1700	1040
1703	1041
1706	1042
1709	1043
1713	1044
1718	1045
1719	1046
1720	1047
1722	1048
1723	1049
1724	1050
1725	1051
1726	1052
1727	1053
1729	1054
1730	1055
1735	1056
1736	1057
1737	1058
1741	1059
1742	1060
1743	1061
1744	1062
1745	1063
1747	1064
1748	1065
1749	1066
1750	1067
1751	1068
1753	1069
1754	1070
1755	1071
1758	1072
1759	1073
1761	1074
1763	1075
1764	1076
1765	1077
1766	1078
1767	1079
1769	1080
1771	1081
1772	1082
1773	1083
1774	1084
1775	1085
1776	1086
1777	1087
1778	1088
1779	1089
1780	1090
1782	1091
1783	1092
1784	1093
1785	1094
1786	1095
1787	1096
1788	1097
1789	1098
1790	1099
1791	1100
1792	1101
1793	1102
1794	1103
1795	1104
1797	1105
1800	1106
1801	1107
1802	1108
1803	1109
1804	1110
1805	1111
1806	1112
1807	1113
1808	1114
1809	1115
1810	1116
1811	1117
1812	1118
1813	1119
1814	1120
1815	1121
1816	1122
1817	1123
1818	1124
1819	1125
1820	1126
1823	1127
1827	1128
1831	1129
1832	1130
1839	1131
1843	1132
1846	1133
1847	1134
1848	1135
1849	1136
1850	1137
1852	1138
1853	1139
1854	1140
1855	1141
1856	1142
1857	1143
1858	1144
1859	1145
1860	1146
1864	1147
1865	1148
1866	1149
1867	1150
1868	1151
1869	1152
1870	1153
1872	1154
1874	1155
1876	1156
1877	1157
1880	1158
1881	1159
1882	1160
1883	1161
1884	1162
1885	1163
1888	1164
1890	1165
1891	1166
1892	1167
1893	1168
1894	1169
1895	1170
1896	1171
1897	1172
1898	1173
1899	1174
1900	1175
1901	1176
1902	1177
1903	1178
1904	1179
1905	1180
1906	1181
1907	1182
1908	1183
1909	1184
1910	1185
1913	1186
1914	1187
1915	1188
1918	1189
1919	1190
1920	1191
1922	1192
1923	1193
1924	1194
1925	1195
1927	1196
1928	1197
1929	1198
1930	1199
1931	1200
1932	1201
1933	1202
1935	1203
1936	1204
1937	1205
1938	1206
1939	1207
1940	1208
1941	1209
1942	1210
1943	1211
1944	1212
1945	1213
1952	1214
1953	1215
1954	1216
1955	1217
1956	1218
1958	1219
1959	1220
1960	1221
1961	1222
1962	1223
1963	1224
1964	1225
1965	1226
1966	1227
1967	1228
1968	1229
1971	1230
1972	1231
1973	1232
1974	1233
1975	1234
1976	1235
1977	1236
1979	1237
1983	1238
1984	1239
1985	1240
1987	1241
1988	1242
1989	1243
1990	1244
1994	1245
1996	1246
1997	1247
1998	1248
1999	1249
2005	1250
2006	1251
2007	1252
2008	1253
2010	1254
2011	1255
2012	1256
2013	1257
2014	1258
2015	1259
2016	1260
2017	1261
2018	1262
2019	1263
2020	1264
2024	1265
2025	1266
2027	1267
2028	1268
2029	1269
2033	1270
2034	1271
2035	1272
2037	1273
2041	1274
2042	1275
2044	1276
2046	1277
2050	1278
2054	1279
2055	1280
2056	1281
2057	1282
2058	1283
2059	1284
2060	1285
2062	1286
2063	1287
2064	1288
2065	1289
2066	1290
2067	1291
2068	1292
2070	1293
2071	1294
2072	1295
2073	1296
2074	1297
2075	1298
2077	1299
2079	1300
2080	1301
2081	1302
2082	1303
2083	1304
2084	1305
2085	1306
2086	1307
2095	1308
2096	1309
2097	1310
2100	1311
2101	1312
2102	1313
2103	1314
2104	1315
2105	1316
2106	1317
2107	1318
2109	1319
2112	1320
2113	1321
2114	1322
2116	1323
2120	1324
2125	1325
2126	1326
2127	1327
2128	1328
2129	1329
2134	1330
2135	1331
2136	1332
2137	1333
2140	1334
2141	1335
2142	1336
2143	1337
2144	1338
2145	1339
2146	1340
2147	1341
2148	1342
2150	1343
2151	1344
2152	1345
2153	1346
2160	1347
2161	1348
2162	1349
2165	1350
2166	1351
2168	1352
2172	1353
2173	1354
2174	1355
2177	1356
2178	1357
2179	1358
2180	1359
2181	1360
2182	1361
2183	1362
2184	1363
2187	1364
2190	1365
2192	1366
2195	1367
2196	1368
2197	1369
2203	1370
2204	1371
2205	1372
2206	1373
2207	1374
2208	1375
2209	1376
2210	1377
2212	1378
2213	1379
2214	1380
2215	1381
2216	1382
2218	1383
2219	1384
2220	1385
2221	1386
2222	1387
2223	1388
2224	1389
2227	1390
2228	1391
2230	1392
2231	1393
2233	1394
2241	1395
2243	1396
2244	1397
2245	1398
2248	1399
2249	1400
2250	1401
2256	1402
2257	1403
2258	1404
2259	1405
2261	1406
2262	1407
2265	1408
2266	1409
2267	1410
2269	1411
2270	1412
2272	1413
2273	1414
2274	1415
2275	1416
2277	1417
2279	1418
2281	1419
2289	1420
2291	1421
2292	1422
2296	1423
2299	1424
2303	1425
2304	1426
2305	1427
2306	1428
2312	1429
2316	1430
2317	1431
2318	1432
2319	1433
2320	1434
2321	1435
2322	1436
2323	1437
2325	1438
2326	1439
2327	1440
2328	1441
2329	1442
2330	1443
2331	1444
2332	1445
2333	1446
2337	1447
2338	1448
2346	1449
2347	1450
2348	1451
2350	1452
2351	1453
2353	1454
2354	1455
2359	1456
2364	1457
2365	1458
2366	1459
2370	1460
2371	1461
2372	1462
2373	1463
2374	1464
2375	1465
2377	1466
2378	1467
2379	1468
2387	1469
2388	1470
2390	1471
2391	1472
2396	1473
2399	1474
2401	1475
2402	1476
2407	1477
2408	1478
2409	1479
2411	1480
2412	1481
2413	1482
2418	1483
2419	1484
2420	1485
2426	1486
2427	1487
2428	1488
2429	1489
2430	1490
2431	1491
2433	1492
2434	1493
2435	1494
2438	1495
2439	1496
2444	1497
2452	1498
2463	1499
2464	1500
2465	1501
2466	1502
2467	1503
2468	1504
2472	1505
2473	1506
2474	1507
2475	1508
2477	1509
2478	1510
2479	1511
2480	1512
2481	1513
2482	1514
2486	1515
2488	1516
2489	1517
2490	1518
2491	1519
2492	1520
2493	1521
2494	1522
2495	1523
2496	1524
2497	1525
2498	1526
2500	1527
2501	1528
2502	1529
2504	1530
2510	1531
2511	1532
2516	1533
2519	1534
2520	1535
2521	1536
2523	1537
2526	1538
2529	1539
2530	1540
2531	1541
2532	1542
2533	1543
2534	1544
2539	1545
2540	1546
2541	1547
2543	1548
2544	1549
2545	1550
2546	1551
2554	1552
2556	1553
2557	1554
2558	1555
2559	1556
2560	1557
2565	1558
2566	1559
2567	1560
2571	1561
2572	1562
2573	1563
2574	1564
2576	1565
2577	1566
2578	1567
2579	1568
2580	1569
2581	1570
2583	1571
2584	1572
2585	1573
2603	1574
2605	1575
2607	1576
2609	1577
2611	1578
2613	1579
2615	1580
2616	1581
2617	1582
2619	1583
2620	1584
2621	1585
2622	1586
2623	1587
2624	1588
2625	1589
2626	1590
2627	1591
2630	1592
2641	1593
2642	1594
2643	1595
2645	1596
2646	1597
2648	1598
2650	1599
2653	1600
2654	1601
2655	1602
2658	1603
2659	1604
2660	1605
2661	1606
2662	1607
2663	1608
2664	1609
2665	1610
2666	1611
2683	1612
2684	1613
2685	1614
2691	1615
2701	1616
2702	1617
2703	1618
2708	1619
2709	1620
2710	1621
2711	1622
2716	1623
2717	1624
2718	1625
2720	1626
2721	1627
2722	1628
2724	1629
2725	1630
2726	1631
2727	1632
2728	1633
2729	1634
2730	1635
2731	1636
2732	1637
2733	1638
2734	1639
2736	1640
2737	1641
2738	1642
2739	1643
2740	1644
2741	1645
2742	1646
2743	1647
2744	1648
2745	1649
2747	1650
2749	1651
2752	1652
2755	1653
2756	1654
2757	1655
2759	1656
2760	1657
2761	1658
2762	1659
2763	1660
2764	1661
2765	1662
2766	1663
2767	1664
2768	1665
2769	1666
2771	1667
2772	1668
2773	1669
2775	1670
2776	1671
2777	1672
2778	1673
2779	1674
2780	1675
2781	1676
2782	1677
2783	1678
2784	1679
2785	1680
2786	1681
2787	1682
2788	1683
2789	1684
2791	1685
2792	1686
2793	1687
2794	1688
2795	1689
2796	1690
2797	1691
2798	1692
2799	1693
2800	1694
2801	1695
2802	1696
2803	1697
2804	1698
2805	1699
2806	1700
2807	1701
2808	1702
2809	1703
2810	1704
2811	1705
2813	1706
2814	1707
2820	1708
2822	1709
2828	1710
2829	1711
2830	1712
2831	1713
2832	1714
2834	1715
2835	1716
2836	1717
2837	1718
2841	1719
2844	1720
2845	1721
2846	1722
2850	1723
2851	1724
2853	1725
2854	1726
2855	1727
2856	1728
2858	1729
2861	1730
2862	1731
2863	1732
2865	1733
2866	1734
2867	1735
2868	1736
2871	1737
2872	1738
2873	1739
2874	1740
2890	1741
2891	1742
2892	1743
2893	1744
2897	1745
2900	1746
2901	1747
2902	1748
2904	1749
2905	1750
2906	1751
2907	1752
2911	1753
2912	1754
2913	1755
2914	1756
2915	1757
2918	1758
2924	1759
2925	1760
2926	1761
2927	1762
2928	1763
2929	1764
2930	1765
2932	1766
2934	1767
2940	1768
2941	1769
2942	1770
2943	1771
2946	1772
2947	1773
2949	1774
2952	1775
2953	1776
2955	1777
2956	1778
2957	1779
2960	1780
2961	1781
2962	1782
2963	1783
2964	1784
2965	1785
2966	1786
2967	1787
2968	1788
2970	1789
2977	1790
2978	1791
2986	1792
2987	1793
2988	1794
2991	1795
2992	1796
2993	1797
2994	1798
2995	1799
2996	1800
3007	1801
3008	1802
3009	1803
3011	1804
3012	1805
3013	1806
3014	1807
3015	1808
3016	1809
3020	1810
3023	1811
3024	1812
3025	1813
3026	1814
3028	1815
3032	1816
3033	1817
3034	1818
3035	1819
3037	1820
3038	1821
3039	1822
3040	1823
3041	1824
3042	1825
3043	1826
3044	1827
3045	1828
3046	1829
3047	1830
3048	1831
3050	1832
3051	1833
3052	1834
3053	1835
3054	1836
3055	1837
3056	1838
3058	1839
3059	1840
3060	1841
3061	1842
3062	1843
3063	1844
3064	1845
3065	1846
3066	1847
3067	1848
3071	1849
3072	1850
3073	1851
3074	1852
3075	1853
3076	1854
3078	1855
3079	1856
3082	1857
3083	1858
3086	1859
3087	1860
3088	1861
3089	1862
3090	1863
3091	1864
3092	1865
3093	1866
3094	1867
3096	1868
3099	1869
3100	1870
3101	1871
3102	1872
3107	1873
3108	1874
3109	1875
3110	1876
3111	1877
3112	1878
3113	1879
3114	1880
3116	1881
3117	1882
3118	1883
3120	1884
3122	1885
3123	1886
3124	1887
3125	1888
3126	1889
3127	1890
3128	1891
3129	1892
3130	1893
3131	1894
3133	1895
3134	1896
3135	1897
3136	1898
3138	1899
3139	1900
3140	1901
3141	1902
3144	1903
3145	1904
3146	1905
3147	1906
3148	1907
3149	1908
3150	1909
3151	1910
3152	1911
3153	1912
3154	1913
3155	1914
3158	1915
3159	1916
3160	1917
3161	1918
3162	1919
3165	1920
3166	1921
3167	1922
3168	1923
3169	1924
3170	1925
3171	1926
3172	1927
3173	1928
3174	1929
3175	1930
3176	1931
3178	1932
3179	1933
3180	1934
3181	1935
3182	1936
3183	1937
3184	1938
3185	1939
3186	1940
3187	1941
3188	1942
3190	1943
3192	1944
3193	1945
3194	1946
3195	1947
3197	1948
3198	1949
3199	1950
3200	1951
3201	1952
3202	1953
3204	1954
3205	1955
3206	1956
3207	1957
3208	1958
3209	1959
3210	1960
3211	1961
3212	1962
3214	1963
3215	1964
3216	1965
3217	1966
3218	1967
3220	1968
3221	1969
3222	1970
3223	1971
3224	1972
3225	1973
3230	1974
3231	1975
3232	1976
3233	1977
3235	1978
3236	1979
3237	1980
3238	1981
3239	1982
3243	1983
3245	1984
3246	1985
3247	1986
3248	1987
3249	1988
3250	1989
3251	1990
3252	1991
3253	1992
3254	1993
3255	1994
3256	1995
3257	1996
3258	1997
3261	1998
3262	1999
3263	2000
3264	2001
3265	2002
3266	2003
3268	2004
3269	2005
3272	2006
3274	2007
3275	2008
3276	2009
3277	2010
3278	2011
3279	2012
3280	2013
3281	2014
3282	2015
3284	2016
3285	2017
3286	2018
3288	2019
3289	2020
3290	2021
3291	2022
3292	2023
3293	2024
3294	2025
3295	2026
3296	2027
3297	2028
3298	2029
3299	2030
3300	2031
3301	2032
3302	2033
3303	2034
3304	2035
3305	2036
3306	2037
3310	2038
3311	2039
3312	2040
3313	2041
3314	2042
3315	2043
3316	2044
3317	2045
3318	2046
3319	2047
3320	2048
3321	2049
3322	2050
3323	2051
3324	2052
3325	2053
3326	2054
3327	2055
3328	2056
3330	2057
3331	2058
3332	2059
3333	2060
3334	2061
3335	2062
3336	2063
3337	2064
3338	2065
3339	2066
3340	2067
3341	2068
3342	2069
3343	2070
3344	2071
3345	2072
3346	2073
3347	2074
3348	2075
3349	2076
3350	2077
3351	2078
3352	2079
3353	2080
3354	2081
3355	2082
3356	2083
3357	2084
3358	2085
3359	2086
3360	2087
3361	2088
3362	2089
3363	2090
3364	2091
3365	2092
3366	2093
3367	2094
3368	2095
3369	2096
3370	2097
3371	2098
3372	2099
3373	2100
3374	2101
3375	2102
3376	2103
3377	2104
3378	2105
3380	2106
3381	2107
3382	2108
3384	2109
3385	2110
3386	2111
3387	2112
3388	2113
3389	2114
3390	2115
3391	2116
3392	2117
3393	2118
3394	2119
3395	2120
3396	2121
3397	2122
3398	2123
3399	2124
3400	2125
3401	2126
3402	2127
3403	2128
3405	2129
3407	2130
3408	2131
3409	2132
3410	2133
3411	2134
3414	2135
3415	2136
3416	2137
3417	2138
3419	2139
3420	2140
3421	2141
3422	2142
3425	2143
3426	2144
3427	2145
3428	2146
3429	2147
3430	2148
3431	2149
3434	2150
3435	2151
3436	2152
3437	2153
3445	2154
3446	2155
3447	2156
3449	2157
3450	2158
3451	2159
3452	2160
3453	2161
3454	2162
3456	2163
3457	2164
3460	2165
3461	2166
3462	2167
3463	2168
3464	2169
3465	2170
3466	2171
3472	2172
3473	2173
3474	2174
3475	2175
3476	2176
3477	2177
3479	2178
3480	2179
3481	2180
3482	2181
3483	2182
3484	2183
3485	2184
3487	2185
3488	2186
3489	2187
3491	2188
3492	2189
3495	2190
3497	2191
3498	2192
3499	2193
3501	2194
3502	2195
3503	2196
3504	2197
3505	2198
3506	2199
3508	2200
3509	2201
3510	2202
3511	2203
3512	2204
3513	2205
3514	2206
3515	2207
3516	2208
3517	2209
3518	2210
3519	2211
3520	2212
3521	2213
3522	2214
3524	2215
3526	2216
3527	2217
3528	2218
3529	2219
3530	2220
3531	2221
3536	2222
3537	2223
3538	2224
3540	2225
3541	2226
3542	2227
3543	2228
3544	2229
3545	2230
3546	2231
3547	2232
3553	2233
3556	2234
3557	2235
3558	2236
3559	2237
3560	2238
3563	2239
3564	2240
3565	2241
3566	2242
3567	2243
3568	2244
3569	2245
3570	2246
3571	2247
3572	2248
3573	2249
3574	2250
3576	2251
3580	2252
3581	2253
3583	2254
3587	2255
3589	2256
3590	2257
3591	2258
3592	2259
3593	2260
3594	2261
3595	2262
3596	2263
3597	2264
3598	2265
3599	2266
3600	2267
3601	2268
3602	2269
3603	2270
3604	2271
3605	2272
3606	2273
3607	2274
3608	2275
3609	2276
3610	2277
3611	2278
3612	2279
3613	2280
3614	2281
3615	2282
3616	2283
3617	2284
3618	2285
3619	2286
3620	2287
3621	2288
3623	2289
3624	2290
3626	2291
3627	2292
3628	2293
3629	2294
3630	2295
3632	2296
3633	2297
3634	2298
3636	2299
3638	2300
3639	2301
3640	2302
3641	2303
3642	2304
3643	2305
3644	2306
3645	2307
3646	2308
3647	2309
3648	2310
3649	2311
3650	2312
3651	2313
3652	2314
3653	2315
3654	2316
3655	2317
3656	2318
3657	2319
3658	2320
3659	2321
3660	2322
3661	2323
3664	2324
3665	2325
3675	2326
3676	2327
3677	2328
3682	2329
3683	2330
3684	2331
3685	2332
3686	2333
3687	2334
3690	2335
3691	2336
3692	2337
3694	2338
3695	2339
3696	2340
3697	2341
3699	2342
3700	2343
3702	2344
3703	2345
3705	2346
3706	2347
3707	2348
3708	2349
3709	2350
3714	2351
3715	2352
3716	2353
3717	2354
3720	2355
3721	2356
3722	2357
3725	2358
3727	2359
3735	2360
3736	2361
3737	2362
3743	2363
3744	2364
3745	2365
3747	2366
3748	2367
3749	2368
3751	2369
3752	2370
3755	2371
3756	2372
3757	2373
3758	2374
3759	2375
3760	2376
3761	2377
3762	2378
3763	2379
3765	2380
3766	2381
3771	2382
3772	2383
3773	2384
3775	2385
3776	2386
3777	2387
3779	2388
3782	2389
3783	2390
3784	2391
3785	2392
3786	2393
3787	2394
3788	2395
3789	2396
3790	2397
3793	2398
3794	2399
3796	2400
3797	2401
3798	2402
3799	2403
3800	2404
3801	2405
3802	2406
3805	2407
3806	2408
3807	2409
3808	2410
3809	2411
3810	2412
3811	2413
3812	2414
3813	2415
3815	2416
3817	2417
3818	2418
3819	2419
3820	2420
3821	2421
3822	2422
3823	2423
3824	2424
3825	2425
3826	2426
3827	2427
3828	2428
3832	2429
3834	2430
3835	2431
3837	2432
3838	2433
3839	2434
3840	2435
3841	2436
3842	2437
3843	2438
3844	2439
3846	2440
3847	2441
3848	2442
3849	2443
3850	2444
3851	2445
3852	2446
3854	2447
3855	2448
3858	2449
3860	2450
3861	2451
3862	2452
3863	2453
3864	2454
3865	2455
3866	2456
3867	2457
3868	2458
3869	2459
3870	2460
3871	2461
3872	2462
3873	2463
3874	2464
3876	2465
3877	2466
3878	2467
3879	2468
3880	2469
3881	2470
3882	2471
3883	2472
3884	2473
3887	2474
3892	2475
3893	2476
3894	2477
3896	2478
3897	2479
3898	2480
3903	2481
3909	2482
3910	2483
3911	2484
3912	2485
3918	2486
3920	2487
3921	2488
3922	2489
3924	2490
3925	2491
3928	2492
3929	2493
3930	2494
3933	2495
3934	2496
3935	2497
3936	2498
3938	2499
3943	2500
3945	2501
3946	2502
3947	2503
3948	2504
3949	2505
3950	2506
3958	2507
3962	2508
3964	2509
3966	2510
3968	2511
3970	2512
3971	2513
3972	2514
3973	2515
3974	2516
3975	2517
3976	2518
3977	2519
3978	2520
3983	2521
3984	2522
3985	2523
3994	2524
3995	2525
3996	2526
3998	2527
3999	2528
4000	2529
4004	2530
4006	2531
4007	2532
4008	2533
4009	2534
4010	2535
4012	2536
4015	2537
4016	2538
4017	2539
4018	2540
4019	2541
4020	2542
4022	2543
4025	2544
4026	2545
4027	2546
4028	2547
4030	2548
4031	2549
4032	2550
4033	2551
4034	2552
4035	2553
4036	2554
4037	2555
4038	2556
4039	2557
4040	2558
4041	2559
4042	2560
4043	2561
4044	2562
4045	2563
4049	2564
4050	2565
4051	2566
4053	2567
4058	2568
4059	2569
4061	2570
4063	2571
4064	2572
4065	2573
4066	2574
4070	2575
4071	2576
4072	2577
4074	2578
4075	2579
4079	2580
4080	2581
4083	2582
4086	2583
4087	2584
4088	2585
4089	2586
4090	2587
4091	2588
4092	2589
4094	2590
4097	2591
4098	2592
4100	2593
4103	2594
4105	2595
4106	2596
4108	2597
4109	2598
4110	2599
4111	2600
4113	2601
4114	2602
4115	2603
4116	2604
4117	2605
4118	2606
4119	2607
4120	2608
4121	2609
4122	2610
4123	2611
4124	2612
4125	2613
4126	2614
4127	2615
4128	2616
4129	2617
4130	2618
4131	2619
4132	2620
4133	2621
4134	2622
4135	2623
4136	2624
4137	2625
4138	2626
4139	2627
4140	2628
4149	2629
4150	2630
4154	2631
4155	2632
4158	2633
4159	2634
4160	2635
4161	2636
4162	2637
4164	2638
4167	2639
4168	2640
4169	2641
4170	2642
4171	2643
4172	2644
4174	2645
4178	2646
4180	2647
4181	2648
4183	2649
4184	2650
4185	2651
4186	2652
4187	2653
4190	2654
4191	2655
4192	2656
4193	2657
4194	2658
4197	2659
4198	2660
4200	2661
4202	2662
4203	2663
4204	2664
4205	2665
4209	2666
4211	2667
4212	2668
4214	2669
4215	2670
4216	2671
4217	2672
4220	2673
4221	2674
4225	2675
4228	2676
4230	2677
4231	2678
4232	2679
4234	2680
4235	2681
4236	2682
4237	2683
4238	2684
4239	2685
4241	2686
4242	2687
4243	2688
4244	2689
4245	2690
4246	2691
4247	2692
4248	2693
4252	2694
4254	2695
4255	2696
4258	2697
4259	2698
4260	2699
4262	2700
4263	2701
4264	2702
4265	2703
4266	2704
4268	2705
4269	2706
4270	2707
4272	2708
4273	2709
4276	2710
4277	2711
4278	2712
4279	2713
4281	2714
4282	2715
4283	2716
4285	2717
4289	2718
4291	2719
4296	2720
4297	2721
4298	2722
4299	2723
4301	2724
4302	2725
4303	2726
4304	2727
4305	2728
4306	2729
4307	2730
4308	2731
4309	2732
4310	2733
4311	2734
4312	2735
4313	2736
4314	2737
4316	2738
4318	2739
4319	2740
4321	2741
4323	2742
4324	2743
4325	2744
4326	2745
4327	2746
4329	2747
4330	2748
4331	2749
4332	2750
4333	2751
4334	2752
4335	2753
4336	2754
4337	2755
4338	2756
4339	2757
4344	2758
4345	2759
4346	2760
4348	2761
4350	2762
4352	2763
4353	2764
4354	2765
4355	2766
4357	2767
4358	2768
4359	2769
4362	2770
4364	2771
4365	2772
4366	2773
4367	2774
4369	2775
4370	2776
4371	2777
4372	2778
4373	2779
4376	2780
4377	2781
4378	2782
4380	2783
4386	2784
4387	2785
4388	2786
4389	2787
4390	2788
4391	2789
4392	2790
4393	2791
4394	2792
4406	2793
4407	2794
4408	2795
4413	2796
4414	2797
4416	2798
4418	2799
4419	2800
4421	2801
4422	2802
4423	2803
4425	2804
4426	2805
4427	2806
4428	2807
4430	2808
4432	2809
4433	2810
4434	2811
4435	2812
4436	2813
4437	2814
4438	2815
4440	2816
4441	2817
4442	2818
4445	2819
4446	2820
4447	2821
4448	2822
4449	2823
4450	2824
4451	2825
4452	2826
4453	2827
4454	2828
4455	2829
4456	2830
4457	2831
4458	2832
4459	2833
4463	2834
4464	2835
4465	2836
4469	2837
4470	2838
4471	2839
4472	2840
4473	2841
4474	2842
4477	2843
4478	2844
4479	2845
4480	2846
4481	2847
4482	2848
4483	2849
4484	2850
4485	2851
4486	2852
4487	2853
4491	2854
4494	2855
4495	2856
4496	2857
4497	2858
4498	2859
4502	2860
4503	2861
4504	2862
4505	2863
4506	2864
4507	2865
4511	2866
4513	2867
4514	2868
4515	2869
4517	2870
4518	2871
4519	2872
4520	2873
4521	2874
4522	2875
4523	2876
4524	2877
4525	2878
4526	2879
4527	2880
4528	2881
4531	2882
4535	2883
4536	2884
4538	2885
4546	2886
4547	2887
4548	2888
4549	2889
4551	2890
4552	2891
4553	2892
4556	2893
4557	2894
4558	2895
4560	2896
4564	2897
4565	2898
4569	2899
4573	2900
4577	2901
4578	2902
4579	2903
4581	2904
4582	2905
4583	2906
4584	2907
4586	2908
4587	2909
4588	2910
4589	2911
4591	2912
4592	2913
4593	2914
4595	2915
4596	2916
4597	2917
4598	2918
4600	2919
4601	2920
4602	2921
4605	2922
4606	2923
4607	2924
4614	2925
4615	2926
4616	2927
4617	2928
4618	2929
4619	2930
4620	2931
4621	2932
4622	2933
4623	2934
4624	2935
4626	2936
4628	2937
4630	2938
4632	2939
4633	2940
4635	2941
4638	2942
4639	2943
4640	2944
4641	2945
4642	2946
4643	2947
4645	2948
4646	2949
4648	2950
4649	2951
4650	2952
4651	2953
4652	2954
4653	2955
4654	2956
4655	2957
4656	2958
4657	2959
4658	2960
4659	2961
4661	2962
4662	2963
4663	2964
4664	2965
4665	2966
4666	2967
4667	2968
4668	2969
4669	2970
4670	2971
4671	2972
4672	2973
4673	2974
4674	2975
4675	2976
4676	2977
4677	2978
4680	2979
4681	2980
4682	2981
4683	2982
4685	2983
4687	2984
4688	2985
4689	2986
4690	2987
4691	2988
4697	2989
4698	2990
4699	2991
4700	2992
4701	2993
4702	2994
4703	2995
4704	2996
4705	2997
4706	2998
4707	2999
4708	3000
4709	3001
4710	3002
4711	3003
4712	3004
4713	3005
4714	3006
4715	3007
4716	3008
4717	3009
4719	3010
4720	3011
4721	3012
4722	3013
4724	3014
4725	3015
4726	3016
4727	3017
4728	3018
4729	3019
4730	3020
4731	3021
4732	3022
4734	3023
4735	3024
4736	3025
4737	3026
4738	3027
4739	3028
4741	3029
4742	3030
4743	3031
4744	3032
4745	3033
4753	3034
4754	3035
4755	3036
4756	3037
4757	3038
4758	3039
4759	3040
4760	3041
4761	3042
4762	3043
4763	3044
4764	3045
4765	3046
4766	3047
4767	3048
4768	3049
4769	3050
4770	3051
4772	3052
4774	3053
4775	3054
4776	3055
4778	3056
4779	3057
4781	3058
4782	3059
4784	3060
4785	3061
4789	3062
4791	3063
4792	3064
4796	3065
4797	3066
4798	3067
4799	3068
4800	3069
4803	3070
4804	3071
4806	3072
4807	3073
4808	3074
4809	3075
4810	3076
4813	3077
4814	3078
4816	3079
4817	3080
4818	3081
4819	3082
4820	3083
4821	3084
4822	3085
4826	3086
4827	3087
4828	3088
4830	3089
4831	3090
4832	3091
4833	3092
4834	3093
4835	3094
4836	3095
4837	3096
4838	3097
4840	3098
4841	3099
4844	3100
4845	3101
4847	3102
4848	3103
4849	3104
4850	3105
4851	3106
4852	3107
4853	3108
4857	3109
4858	3110
4860	3111
4861	3112
4862	3113
4863	3114
4865	3115
4866	3116
4867	3117
4869	3118
4870	3119
4871	3120
4873	3121
4874	3122
4875	3123
4876	3124
4877	3125
4878	3126
4879	3127
4880	3128
4881	3129
4882	3130
4883	3131
4884	3132
4885	3133
4887	3134
4888	3135
4889	3136
4891	3137
4892	3138
4893	3139
4894	3140
4895	3141
4896	3142
4897	3143
4898	3144
4899	3145
4900	3146
4901	3147
4902	3148
4903	3149
4904	3150
4905	3151
4906	3152
4907	3153
4908	3154
4910	3155
4911	3156
4912	3157
4913	3158
4914	3159
4915	3160
4916	3161
4917	3162
4918	3163
4919	3164
4920	3165
4921	3166
4922	3167
4923	3168
4924	3169
4925	3170
4926	3171
4927	3172
4928	3173
4929	3174
4930	3175
4931	3176
4932	3177
4933	3178
4934	3179
4935	3180
4937	3181
4938	3182
4939	3183
4940	3184
4941	3185
4943	3186
4944	3187
4945	3188
4947	3189
4948	3190
4950	3191
4951	3192
4952	3193
4956	3194
4957	3195
4958	3196
4959	3197
4963	3198
4965	3199
4967	3200
4969	3201
4970	3202
4975	3203
4976	3204
4977	3205
4978	3206
4979	3207
4982	3208
4986	3209
4988	3210
4989	3211
4990	3212
4991	3213
4992	3214
4993	3215
4994	3216
4995	3217
4996	3218
4997	3219
4998	3220
4999	3221
5000	3222
5001	3223
5002	3224
5003	3225
5004	3226
5005	3227
5006	3228
5007	3229
5009	3230
5011	3231
5012	3232
5013	3233
5014	3234
5015	3235
5016	3236
5018	3237
5019	3238
5020	3239
5021	3240
5022	3241
5023	3242
5024	3243
5025	3244
5026	3245
5027	3246
5028	3247
5029	3248
5030	3249
5031	3250
5032	3251
5033	3252
5034	3253
5035	3254
5036	3255
5037	3256
5038	3257
5039	3258
5040	3259
5041	3260
5042	3261
5043	3262
5044	3263
5045	3264
5046	3265
5047	3266
5048	3267
5049	3268
5050	3269
5051	3270
5052	3271
5054	3272
5056	3273
5057	3274
5058	3275
5059	3276
5060	3277
5061	3278
5062	3279
5063	3280
5064	3281
5065	3282
5066	3283
5067	3284
5068	3285
5069	3286
5070	3287
5072	3288
5073	3289
5074	3290
5075	3291
5076	3292
5077	3293
5078	3294
5081	3295
5082	3296
5083	3297
5084	3298
5085	3299
5086	3300
5087	3301
5088	3302
5089	3303
5090	3304
5091	3305
5092	3306
5093	3307
5095	3308
5096	3309
5097	3310
5098	3311
5099	3312
5100	3313
5101	3314
5102	3315
5103	3316
5104	3317
5105	3318
5106	3319
5107	3320
5109	3321
5110	3322
5111	3323
5112	3324
5113	3325
5114	3326
5115	3327
5116	3328
5117	3329
5118	3330
5119	3331
5120	3332
5121	3333
5122	3334
5123	3335
5124	3336
5125	3337
5126	3338
5127	3339
5128	3340
5129	3341
5130	3342
5131	3343
5132	3344
5133	3345
5134	3346
5135	3347
5136	3348
5137	3349
5138	3350
5139	3351
5140	3352
5141	3353
5142	3354
5143	3355
5144	3356
5145	3357
5146	3358
5147	3359
5148	3360
5149	3361
5150	3362
5151	3363
5152	3364
5153	3365
5154	3366
5155	3367
5156	3368
5157	3369
5158	3370
5159	3371
5160	3372
5161	3373
5162	3374
5163	3375
5164	3376
5165	3377
5166	3378
5167	3379
5169	3380
5172	3381
5174	3382
5175	3383
5176	3384
5178	3385
5179	3386
5180	3387
5181	3388
5182	3389
5183	3390
5184	3391
5187	3392
5188	3393
5189	3394
5191	3395
5194	3396
5195	3397
5196	3398
5199	3399
5200	3400
5201	3401
5202	3402
5203	3403
5204	3404
5206	3405
5209	3406
5213	3407
5214	3408
5215	3409
5216	3410
5217	3411
5218	3412
5220	3413
5222	3414
5224	3415
5225	3416
5226	3417
5227	3418
5233	3419
5234	3420
5235	3421
5236	3422
5237	3423
5238	3424
5239	3425
5242	3426
5244	3427
5248	3428
5249	3429
5250	3430
5252	3431
5254	3432
5255	3433
5257	3434
5259	3435
5261	3436
5262	3437
5263	3438
5264	3439
5265	3440
5268	3441
5269	3442
5270	3443
5271	3444
5272	3445
5274	3446
5275	3447
5276	3448
5277	3449
5279	3450
5283	3451
5286	3452
5287	3453
5288	3454
5290	3455
5291	3456
5292	3457
5297	3458
5298	3459
5300	3460
5301	3461
5302	3462
5307	3463
5308	3464
5309	3465
5310	3466
5312	3467
5314	3468
5315	3469
5316	3470
5318	3471
5319	3472
5321	3473
5322	3474
5323	3475
5324	3476
5325	3477
5326	3478
5327	3479
5328	3480
5329	3481
5332	3482
5333	3483
5336	3484
5339	3485
5340	3486
5341	3487
5342	3488
5343	3489
5344	3490
5347	3491
5348	3492
5349	3493
5351	3494
5352	3495
5353	3496
5354	3497
5356	3498
5357	3499
5358	3500
5363	3501
5366	3502
5369	3503
5370	3504
5371	3505
5372	3506
5373	3507
5374	3508
5375	3509
5376	3510
5377	3511
5378	3512
5379	3513
5380	3514
5381	3515
5382	3516
5383	3517
5384	3518
5389	3519
5391	3520
5392	3521
5393	3522
5397	3523
5398	3524
5400	3525
5401	3526
5402	3527
5404	3528
5406	3529
5407	3530
5408	3531
5409	3532
5410	3533
5411	3534
5412	3535
5413	3536
5414	3537
5415	3538
5416	3539
5417	3540
5418	3541
5419	3542
5420	3543
5424	3544
5425	3545
5426	3546
5427	3547
5428	3548
5429	3549
5431	3550
5432	3551
5433	3552
5434	3553
5435	3554
5436	3555
5437	3556
5440	3557
5441	3558
5442	3559
5443	3560
5444	3561
5445	3562
5446	3563
5447	3564
5448	3565
5449	3566
5451	3567
5452	3568
5455	3569
5456	3570
5457	3571
5458	3572
5459	3573
5460	3574
5466	3575
5467	3576
5468	3577
5472	3578
5473	3579
5479	3580
5480	3581
5481	3582
5483	3583
5485	3584
5486	3585
5490	3586
5492	3587
5493	3588
5494	3589
5499	3590
5502	3591
5505	3592
5506	3593
5507	3594
5508	3595
5510	3596
5511	3597
5512	3598
5513	3599
5514	3600
5515	3601
5517	3602
5519	3603
5522	3604
5523	3605
5524	3606
5526	3607
5527	3608
5528	3609
5529	3610
5530	3611
5538	3612
5540	3613
5542	3614
5543	3615
5544	3616
5545	3617
5547	3618
5548	3619
5549	3620
5550	3621
5553	3622
5554	3623
5555	3624
5556	3625
5566	3626
5570	3627
5571	3628
5572	3629
5573	3630
5579	3631
5580	3632
5581	3633
5583	3634
5584	3635
5585	3636
5586	3637
5588	3638
5589	3639
5590	3640
5591	3641
5594	3642
5600	3643
5602	3644
5603	3645
5605	3646
5607	3647
5609	3648
5612	3649
5615	3650
5616	3651
5617	3652
5618	3653
5620	3654
5622	3655
5623	3656
5629	3657
5630	3658
5634	3659
5635	3660
5636	3661
5638	3662
5640	3663
5641	3664
5642	3665
5643	3666
5645	3667
5651	3668
5653	3669
5656	3670
5660	3671
5663	3672
5664	3673
5665	3674
5667	3675
5669	3676
5670	3677
5671	3678
5672	3679
5673	3680
5675	3681
5676	3682
5677	3683
5678	3684
5679	3685
5680	3686
5681	3687
5682	3688
5685	3689
5686	3690
5687	3691
5689	3692
5690	3693
5691	3694
5694	3695
5695	3696
5696	3697
5697	3698
5699	3699
5701	3700
5702	3701
5703	3702
5707	3703
5709	3704
5710	3705
5714	3706
5717	3707
5718	3708
5719	3709
5723	3710
5724	3711
5725	3712
5728	3713
5730	3714
5737	3715
5738	3716
5741	3717
5742	3718
5747	3719
5752	3720
5753	3721
5754	3722
5755	3723
5757	3724
5758	3725
5759	3726
5760	3727
5761	3728
5762	3729
5763	3730
5764	3731
5765	3732
5766	3733
5767	3734
5769	3735
5773	3736
5774	3737
5775	3738
5776	3739
5777	3740
5778	3741
5781	3742
5785	3743
5786	3744
5787	3745
5788	3746
5789	3747
5790	3748
5792	3749
5793	3750
5794	3751
5795	3752
5796	3753
5798	3754
5799	3755
5800	3756
5801	3757
5802	3758
5803	3759
5805	3760
5806	3761
5808	3762
5810	3763
5818	3764
5819	3765
5820	3766
5821	3767
5822	3768
5823	3769
5824	3770
5825	3771
5827	3772
5830	3773
5831	3774
5832	3775
5837	3776
5838	3777
5839	3778
5840	3779
5842	3780
5843	3781
5844	3782
5847	3783
5849	3784
5859	3785
5860	3786
5861	3787
5862	3788
5863	3789
5864	3790
5865	3791
5866	3792
5867	3793
5868	3794
5869	3795
5870	3796
5871	3797
5872	3798
5873	3799
5875	3800
5878	3801
5879	3802
5881	3803
5882	3804
5883	3805
5884	3806
5885	3807
5886	3808
5887	3809
5888	3810
5889	3811
5890	3812
5891	3813
5893	3814
5894	3815
5895	3816
5897	3817
5899	3818
5906	3819
5907	3820
5908	3821
5909	3822
5915	3823
5916	3824
5917	3825
5918	3826
5919	3827
5921	3828
5922	3829
5923	3830
5924	3831
5927	3832
5928	3833
5929	3834
5930	3835
5931	3836
5932	3837
5933	3838
5934	3839
5935	3840
5936	3841
5937	3842
5938	3843
5939	3844
5940	3845
5941	3846
5942	3847
5943	3848
5947	3849
5950	3850
5952	3851
5955	3852
5958	3853
5960	3854
5961	3855
5962	3856
5964	3857
5967	3858
5968	3859
5971	3860
5972	3861
5973	3862
5974	3863
5975	3864
5976	3865
5977	3866
5978	3867
5979	3868
5980	3869
5981	3870
5986	3871
5991	3872
5994	3873
5997	3874
5998	3875
6005	3876
6006	3877
6007	3878
6008	3879
6010	3880
6011	3881
6013	3882
6015	3883
6016	3884
6023	3885
6024	3886
6025	3887
6026	3888
6027	3889
6030	3890
6034	3891
6035	3892
6037	3893
6038	3894
6042	3895
6043	3896
6045	3897
6046	3898
6047	3899
6049	3900
6050	3901
6051	3902
6052	3903
6053	3904
6056	3905
6057	3906
6058	3907
6059	3908
6061	3909
6062	3910
6063	3911
6064	3912
6065	3913
6066	3914
6072	3915
6076	3916
6077	3917
6078	3918
6079	3919
6082	3920
6083	3921
6084	3922
6090	3923
6091	3924
6092	3925
6093	3926
6094	3927
6095	3928
6096	3929
6097	3930
6098	3931
6099	3932
6103	3933
6104	3934
6106	3935
6107	3936
6108	3937
6114	3938
6115	3939
6116	3940
6118	3941
6119	3942
6121	3943
6122	3944
6123	3945
6124	3946
6126	3947
6127	3948
6128	3949
6129	3950
6130	3951
6133	3952
6134	3953
6135	3954
6136	3955
6137	3956
6138	3957
6139	3958
6140	3959
6141	3960
6143	3961
6144	3962
6145	3963
6146	3964
6148	3965
6149	3966
6150	3967
6151	3968
6152	3969
6153	3970
6154	3971
6155	3972
6158	3973
6159	3974
6160	3975
6161	3976
6162	3977
6164	3978
6165	3979
6166	3980
6167	3981
6168	3982
6169	3983
6171	3984
6173	3985
6174	3986
6175	3987
6176	3988
6177	3989
6183	3990
6184	3991
6189	3992
6191	3993
6192	3994
6193	3995
6194	3996
6195	3997
6196	3998
6200	3999
6201	4000
6203	4001
6204	4002
6205	4003
6206	4004
6207	4005
6208	4006
6214	4007
6215	4008
6216	4009
6217	4010
6219	4011
6221	4012
6222	4013
6223	4014
6224	4015
6225	4016
6226	4017
6227	4018
6228	4019
6229	4020
6230	4021
6235	4022
6236	4023
6237	4024
6238	4025
6239	4026
6240	4027
6241	4028
6242	4029
6243	4030
6244	4031
6245	4032
6246	4033
6247	4034
6248	4035
6250	4036
6251	4037
6252	4038
6254	4039
6255	4040
6256	4041
6259	4042
6263	4043
6265	4044
6266	4045
6267	4046
6268	4047
6269	4048
6270	4049
6271	4050
6272	4051
6273	4052
6274	4053
6275	4054
6276	4055
6277	4056
6279	4057
6280	4058
6286	4059
6287	4060
6295	4061
6300	4062
6304	4063
6308	4064
6309	4065
6310	4066
6314	4067
6315	4068
6316	4069
6319	4070
6322	4071
6323	4072
6324	4073
6325	4074
6329	4075
6331	4076
6333	4077
6336	4078
6339	4079
6340	4080
6341	4081
6342	4082
6343	4083
6344	4084
6346	4085
6347	4086
6348	4087
6349	4088
6350	4089
6351	4090
6352	4091
6353	4092
6354	4093
6355	4094
6356	4095
6357	4096
6358	4097
6359	4098
6361	4099
6362	4100
6364	4101
6365	4102
6366	4103
6367	4104
6368	4105
6369	4106
6370	4107
6372	4108
6373	4109
6374	4110
6385	4111
6386	4112
6387	4113
6388	4114
6389	4115
6390	4116
6392	4117
6393	4118
6394	4119
6395	4120
6399	4121
6400	4122
6401	4123
6402	4124
6403	4125
6405	4126
6406	4127
6409	4128
6412	4129
6413	4130
6414	4131
6415	4132
6416	4133
6417	4134
6420	4135
6421	4136
6422	4137
6424	4138
6425	4139
6426	4140
6427	4141
6428	4142
6434	4143
6435	4144
6436	4145
6439	4146
6440	4147
6441	4148
6442	4149
6449	4150
6450	4151
6451	4152
6452	4153
6453	4154
6454	4155
6456	4156
6458	4157
6459	4158
6460	4159
6461	4160
6462	4161
6463	4162
6466	4163
6467	4164
6468	4165
6470	4166
6474	4167
6475	4168
6476	4169
6477	4170
6478	4171
6479	4172
6480	4173
6481	4174
6482	4175
6483	4176
6484	4177
6485	4178
6486	4179
6487	4180
6488	4181
6489	4182
6490	4183
6492	4184
6493	4185
6494	4186
6496	4187
6497	4188
6498	4189
6502	4190
6504	4191
6505	4192
6506	4193
6507	4194
6508	4195
6509	4196
6510	4197
6511	4198
6514	4199
6515	4200
6517	4201
6518	4202
6520	4203
6521	4204
6522	4205
6523	4206
6525	4207
6526	4208
6527	4209
6529	4210
6530	4211
6531	4212
6532	4213
6533	4214
6534	4215
6535	4216
6536	4217
6537	4218
6540	4219
6541	4220
6542	4221
6543	4222
6544	4223
6545	4224
6546	4225
6547	4226
6548	4227
6549	4228
6550	4229
6551	4230
6552	4231
6553	4232
6554	4233
6556	4234
6557	4235
6560	4236
6561	4237
6562	4238
6563	4239
6564	4240
6565	4241
6566	4242
6567	4243
6568	4244
6569	4245
6570	4246
6573	4247
6575	4248
6577	4249
6578	4250
6582	4251
6583	4252
6584	4253
6592	4254
6593	4255
6596	4256
6597	4257
6598	4258
6599	4259
6600	4260
6601	4261
6602	4262
6603	4263
6604	4264
6605	4265
6606	4266
6607	4267
6608	4268
6609	4269
6610	4270
6611	4271
6612	4272
6613	4273
6614	4274
6615	4275
6616	4276
6617	4277
6618	4278
6619	4279
6620	4280
6621	4281
6622	4282
6624	4283
6625	4284
6626	4285
6627	4286
6628	4287
6629	4288
6630	4289
6631	4290
6633	4291
6634	4292
6635	4293
6636	4294
6638	4295
6639	4296
6640	4297
6641	4298
6642	4299
6643	4300
6644	4301
6645	4302
6646	4303
6647	4304
6648	4305
6649	4306
6652	4307
6653	4308
6654	4309
6655	4310
6656	4311
6657	4312
6658	4313
6659	4314
6660	4315
6662	4316
6663	4317
6664	4318
6665	4319
6668	4320
6669	4321
6670	4322
6671	4323
6672	4324
6675	4325
6676	4326
6677	4327
6678	4328
6679	4329
6680	4330
6681	4331
6682	4332
6683	4333
6684	4334
6685	4335
6686	4336
6687	4337
6688	4338
6689	4339
6690	4340
6691	4341
6692	4342
6693	4343
6694	4344
6696	4345
6697	4346
6698	4347
6699	4348
6700	4349
6701	4350
6702	4351
6703	4352
6704	4353
6705	4354
6707	4355
6708	4356
6709	4357
6711	4358
6713	4359
6714	4360
6717	4361
6718	4362
6719	4363
6720	4364
6722	4365
6723	4366
6724	4367
6725	4368
6726	4369
6727	4370
6731	4371
6733	4372
6734	4373
6736	4374
6737	4375
6738	4376
6739	4377
6741	4378
6742	4379
6746	4380
6747	4381
6748	4382
6749	4383
6750	4384
6751	4385
6752	4386
6753	4387
6754	4388
6757	4389
6758	4390
6759	4391
6760	4392
6761	4393
6762	4394
6763	4395
6764	4396
6765	4397
6766	4398
6767	4399
6768	4400
6769	4401
6771	4402
6772	4403
6773	4404
6774	4405
6775	4406
6776	4407
6777	4408
6782	4409
6783	4410
6784	4411
6785	4412
6786	4413
6787	4414
6789	4415
6791	4416
6792	4417
6793	4418
6797	4419
6798	4420
6799	4421
6800	4422
6801	4423
6803	4424
6806	4425
6809	4426
6811	4427
6812	4428
6813	4429
6814	4430
6815	4431
6817	4432
6818	4433
6819	4434
6823	4435
6826	4436
6827	4437
6828	4438
6829	4439
6830	4440
6831	4441
6836	4442
6840	4443
6841	4444
6845	4445
6852	4446
6853	4447
6854	4448
6859	4449
6863	4450
6865	4451
6866	4452
6867	4453
6868	4454
6870	4455
6871	4456
6872	4457
6873	4458
6876	4459
6878	4460
6880	4461
6882	4462
6884	4463
6886	4464
6887	4465
6895	4466
6897	4467
6898	4468
6899	4469
6903	4470
6905	4471
6911	4472
6927	4473
6929	4474
6934	4475
6935	4476
6936	4477
6943	4478
6945	4479
6946	4480
6947	4481
6948	4482
6950	4483
6953	4484
6955	4485
6957	4486
6958	4487
6959	4488
6960	4489
6961	4490
6963	4491
6964	4492
6965	4493
6967	4494
6968	4495
6969	4496
6970	4497
6973	4498
6974	4499
6975	4500
6976	4501
6977	4502
6978	4503
6979	4504
6980	4505
6981	4506
6982	4507
6983	4508
6984	4509
6985	4510
6988	4511
6989	4512
6990	4513
6991	4514
6993	4515
6994	4516
6995	4517
6996	4518
6997	4519
6998	4520
6999	4521
7000	4522
7001	4523
7002	4524
7003	4525
7004	4526
7005	4527
7006	4528
7007	4529
7011	4530
7012	4531
7014	4532
7015	4533
7016	4534
7018	4535
7020	4536
7021	4537
7022	4538
7023	4539
7024	4540
7025	4541
7026	4542
7027	4543
7028	4544
7029	4545
7030	4546
7031	4547
7032	4548
7033	4549
7034	4550
7035	4551
7036	4552
7037	4553
7038	4554
7043	4555
7049	4556
7050	4557
7053	4558
7055	4559
7056	4560
7057	4561
7058	4562
7059	4563
7064	4564
7070	4565
7071	4566
7072	4567
7073	4568
7078	4569
7079	4570
7080	4571
7081	4572
7082	4573
7084	4574
7087	4575
7091	4576
7093	4577
7095	4578
7096	4579
7099	4580
7102	4581
7103	4582
7104	4583
7107	4584
7111	4585
7112	4586
7121	4587
7122	4588
7127	4589
7128	4590
7129	4591
7130	4592
7133	4593
7135	4594
7138	4595
7141	4596
7142	4597
7143	4598
7149	4599
7153	4600
7154	4601
7155	4602
7156	4603
7161	4604
7162	4605
7163	4606
7165	4607
7169	4608
7170	4609
7171	4610
7172	4611
7178	4612
7183	4613
7184	4614
7185	4615
7186	4616
7187	4617
7188	4618
7189	4619
7190	4620
7191	4621
7192	4622
7194	4623
7195	4624
7196	4625
7197	4626
7198	4627
7202	4628
7206	4629
7207	4630
7209	4631
7210	4632
7211	4633
7212	4634
7217	4635
7223	4636
7224	4637
7230	4638
7231	4639
7235	4640
7236	4641
7237	4642
7238	4643
7239	4644
7245	4645
7247	4646
7248	4647
7249	4648
7255	4649
7256	4650
7257	4651
7258	4652
7259	4653
7260	4654
7261	4655
7262	4656
7263	4657
7265	4658
7266	4659
7270	4660
7271	4661
7272	4662
7278	4663
7279	4664
7280	4665
7283	4666
7287	4667
7290	4668
7300	4669
7301	4670
7302	4671
7303	4672
7304	4673
7306	4674
7307	4675
7308	4676
7309	4677
7320	4678
7327	4679
7328	4680
7329	4681
7330	4682
7331	4683
7332	4684
7333	4685
7334	4686
7335	4687
7336	4688
7338	4689
7341	4690
7342	4691
7343	4692
7344	4693
7345	4694
7346	4695
7347	4696
7348	4697
7349	4698
7350	4699
7351	4700
7352	4701
7353	4702
7359	4703
7360	4704
7361	4705
7362	4706
7363	4707
7364	4708
7366	4709
7370	4710
7371	4711
7373	4712
7374	4713
7379	4714
7380	4715
7383	4716
7389	4717
7392	4718
7395	4719
7399	4720
7401	4721
7410	4722
7411	4723
7414	4724
7415	4725
7416	4726
7419	4727
7420	4728
7421	4729
7422	4730
7427	4731
7429	4732
7430	4733
7431	4734
7432	4735
7433	4736
7441	4737
7452	4738
7453	4739
7459	4740
7460	4741
7461	4742
7465	4743
7467	4744
7468	4745
7469	4746
7471	4747
7474	4748
7475	4749
7476	4750
7478	4751
7480	4752
7481	4753
7482	4754
7488	4755
7489	4756
7490	4757
7491	4758
7494	4759
7495	4760
7497	4761
7498	4762
7499	4763
7500	4764
7501	4765
7502	4766
7503	4767
7504	4768
7505	4769
7509	4770
7510	4771
7512	4772
7515	4773
7516	4774
7517	4775
7518	4776
7519	4777
7520	4778
7521	4779
7522	4780
7523	4781
7524	4782
7525	4783
7526	4784
7527	4785
7528	4786
7529	4787
7530	4788
7531	4789
7532	4790
7533	4791
7534	4792
7535	4793
7536	4794
7537	4795
7538	4796
7542	4797
7543	4798
7546	4799
7548	4800
7549	4801
7554	4802
7555	4803
7557	4804
7559	4805
7560	4806
7562	4807
7563	4808
7564	4809
7565	4810
7572	4811
7573	4812
7575	4813
7576	4814
7577	4815
7578	4816
7581	4817
7582	4818
7583	4819
7584	4820
7587	4821
7588	4822
7589	4823
7590	4824
7591	4825
7592	4826
7594	4827
7595	4828
7598	4829
7599	4830
7600	4831
7601	4832
7602	4833
7603	4834
7604	4835
7607	4836
7608	4837
7609	4838
7610	4839
7616	4840
7618	4841
7620	4842
7622	4843
7624	4844
7626	4845
7629	4846
7630	4847
7633	4848
7634	4849
7639	4850
7643	4851
7644	4852
7645	4853
7659	4854
7660	4855
7664	4856
7666	4857
7667	4858
7668	4859
7670	4860
7680	4861
7685	4862
7686	4863
7687	4864
7688	4865
7689	4866
7690	4867
7691	4868
7692	4869
7693	4870
7694	4871
7695	4872
7696	4873
7697	4874
7698	4875
7699	4876
7700	4877
7701	4878
7703	4879
7704	4880
7705	4881
7706	4882
7708	4883
7709	4884
7710	4885
7711	4886
7712	4887
7713	4888
7714	4889
7715	4890
7716	4891
7717	4892
7718	4893
7719	4894
7720	4895
7722	4896
7723	4897
7724	4898
7725	4899
7726	4900
7727	4901
7728	4902
7730	4903
7731	4904
7733	4905
7734	4906
7736	4907
7737	4908
7738	4909
7742	4910
7746	4911
7748	4912
7749	4913
7750	4914
7751	4915
7752	4916
7753	4917
7754	4918
7755	4919
7756	4920
7757	4921
7759	4922
7760	4923
7761	4924
7762	4925
7763	4926
7764	4927
7765	4928
7767	4929
7769	4930
7771	4931
7772	4932
7773	4933
7774	4934
7776	4935
7778	4936
7779	4937
7780	4938
7781	4939
7782	4940
7783	4941
7784	4942
7785	4943
7786	4944
7787	4945
7788	4946
7789	4947
7790	4948
7791	4949
7792	4950
7794	4951
7795	4952
7796	4953
7797	4954
7798	4955
7799	4956
7800	4957
7801	4958
7802	4959
7803	4960
7804	4961
7805	4962
7806	4963
7807	4964
7808	4965
7810	4966
7811	4967
7812	4968
7813	4969
7814	4970
7815	4971
7816	4972
7817	4973
7818	4974
7819	4975
7820	4976
7821	4977
7822	4978
7823	4979
7824	4980
7825	4981
7827	4982
7828	4983
7829	4984
7830	4985
7831	4986
7834	4987
7839	4988
7844	4989
7847	4990
7848	4991
7853	4992
7854	4993
7855	4994
7856	4995
7857	4996
7859	4997
7862	4998
7863	4999
7864	5000
7865	5001
7866	5002
7867	5003
7868	5004
7869	5005
7870	5006
7874	5007
7876	5008
7877	5009
7878	5010
7879	5011
7880	5012
7882	5013
7883	5014
7884	5015
7887	5016
7888	5017
7889	5018
7890	5019
7891	5020
7892	5021
7894	5022
7895	5023
7896	5024
7897	5025
7898	5026
7899	5027
7900	5028
7902	5029
7904	5030
7906	5031
7907	5032
7909	5033
7910	5034
7913	5035
7914	5036
7915	5037
7916	5038
7917	5039
7918	5040
7919	5041
7920	5042
7921	5043
7922	5044
7923	5045
7924	5046
7925	5047
7926	5048
7927	5049
7929	5050
7930	5051
7931	5052
7932	5053
7933	5054
7934	5055
7935	5056
7936	5057
7937	5058
7938	5059
7939	5060
7941	5061
7943	5062
7944	5063
7945	5064
7946	5065
7947	5066
7948	5067
7950	5068
7951	5069
7952	5070
7955	5071
7956	5072
7957	5073
7959	5074
7962	5075
7963	5076
7964	5077
7966	5078
7967	5079
7968	5080
7969	5081
7970	5082
7972	5083
7973	5084
7974	5085
7975	5086
7976	5087
7977	5088
7978	5089
7979	5090
7980	5091
7981	5092
7982	5093
7983	5094
7985	5095
7986	5096
7987	5097
7989	5098
7990	5099
7993	5100
7994	5101
7995	5102
7996	5103
7997	5104
7999	5105
8002	5106
8004	5107
8005	5108
8006	5109
8007	5110
8008	5111
8009	5112
8011	5113
8013	5114
8015	5115
8016	5116
8017	5117
8018	5118
8019	5119
8020	5120
8021	5121
8022	5122
8023	5123
8024	5124
8025	5125
8026	5126
8027	5127
8032	5128
8038	5129
8039	5130
8040	5131
8041	5132
8042	5133
8043	5134
8045	5135
8046	5136
8047	5137
8048	5138
8049	5139
8050	5140
8052	5141
8055	5142
8057	5143
8058	5144
8061	5145
8062	5146
8063	5147
8064	5148
8070	5149
8071	5150
8072	5151
8073	5152
8074	5153
8076	5154
8077	5155
8078	5156
8079	5157
8084	5158
8085	5159
8086	5160
8087	5161
8090	5162
8092	5163
8094	5164
8095	5165
8098	5166
8101	5167
8102	5168
8103	5169
8105	5170
8107	5171
8108	5172
8109	5173
8110	5174
8111	5175
8112	5176
8118	5177
8119	5178
8120	5179
8125	5180
8127	5181
8129	5182
8130	5183
8131	5184
8132	5185
8135	5186
8139	5187
8140	5188
8141	5189
8142	5190
8143	5191
8144	5192
8145	5193
8146	5194
8147	5195
8150	5196
8151	5197
8152	5198
8153	5199
8154	5200
8156	5201
8157	5202
8158	5203
8159	5204
8160	5205
8161	5206
8162	5207
8163	5208
8164	5209
8166	5210
8167	5211
8170	5212
8171	5213
8172	5214
8173	5215
8174	5216
8176	5217
8177	5218
8178	5219
8180	5220
8181	5221
8182	5222
8183	5223
8185	5224
8186	5225
8187	5226
8189	5227
8190	5228
8191	5229
8192	5230
8193	5231
8194	5232
8196	5233
8197	5234
8198	5235
8199	5236
8200	5237
8201	5238
8203	5239
8206	5240
8207	5241
8209	5242
8213	5243
8214	5244
8215	5245
8218	5246
8219	5247
8220	5248
8221	5249
8222	5250
8223	5251
8224	5252
8225	5253
8227	5254
8228	5255
8229	5256
8231	5257
8233	5258
8234	5259
8235	5260
8236	5261
8237	5262
8238	5263
8239	5264
8240	5265
8241	5266
8242	5267
8243	5268
8245	5269
8247	5270
8248	5271
8249	5272
8253	5273
8254	5274
8256	5275
8257	5276
8258	5277
8261	5278
8264	5279
8265	5280
8266	5281
8267	5282
8268	5283
8269	5284
8272	5285
8273	5286
8274	5287
8278	5288
8279	5289
8280	5290
8281	5291
8283	5292
8284	5293
8285	5294
8286	5295
8287	5296
8289	5297
8290	5298
8291	5299
8292	5300
8293	5301
8295	5302
8296	5303
8297	5304
8298	5305
8299	5306
8300	5307
8301	5308
8303	5309
8304	5310
8307	5311
8309	5312
8312	5313
8313	5314
8314	5315
8315	5316
8316	5317
8317	5318
8319	5319
8320	5320
8322	5321
8324	5322
8325	5323
8326	5324
8327	5325
8328	5326
8335	5327
8338	5328
8339	5329
8340	5330
8341	5331
8342	5332
8343	5333
8344	5334
8345	5335
8346	5336
8347	5337
8348	5338
8349	5339
8354	5340
8355	5341
8356	5342
8357	5343
8362	5344
8365	5345
8366	5346
8367	5347
8368	5348
8369	5349
8370	5350
8371	5351
8372	5352
8374	5353
8375	5354
8376	5355
8377	5356
8378	5357
8379	5358
8380	5359
8381	5360
8382	5361
8383	5362
8384	5363
8385	5364
8386	5365
8387	5366
8388	5367
8389	5368
8390	5369
8391	5370
8392	5371
8393	5372
8394	5373
8395	5374
8398	5375
8399	5376
8402	5377
8404	5378
8409	5379
8414	5380
8415	5381
8417	5382
8418	5383
8419	5384
8425	5385
8426	5386
8427	5387
8428	5388
8430	5389
8433	5390
8434	5391
8437	5392
8438	5393
8440	5394
8441	5395
8442	5396
8447	5397
8448	5398
8450	5399
8454	5400
8456	5401
8460	5402
8461	5403
8462	5404
8463	5405
8464	5406
8465	5407
8467	5408
8468	5409
8469	5410
8470	5411
8471	5412
8472	5413
8473	5414
8474	5415
8477	5416
8478	5417
8479	5418
8480	5419
8481	5420
8482	5421
8486	5422
8487	5423
8488	5424
8490	5425
8491	5426
8492	5427
8494	5428
8495	5429
8496	5430
8499	5431
8500	5432
8501	5433
8502	5434
8503	5435
8507	5436
8508	5437
8509	5438
8510	5439
8511	5440
8512	5441
8513	5442
8514	5443
8518	5444
8519	5445
8520	5446
8523	5447
8525	5448
8526	5449
8527	5450
8528	5451
8529	5452
8530	5453
8531	5454
8532	5455
8533	5456
8534	5457
8535	5458
8541	5459
8542	5460
8544	5461
8546	5462
8548	5463
8550	5464
8551	5465
8552	5466
8553	5467
8554	5468
8555	5469
8557	5470
8558	5471
8559	5472
8561	5473
8562	5474
8563	5475
8564	5476
8565	5477
8566	5478
8567	5479
8568	5480
8569	5481
8570	5482
8571	5483
8572	5484
8573	5485
8574	5486
8576	5487
8577	5488
8578	5489
8579	5490
8580	5491
8581	5492
8582	5493
8583	5494
8584	5495
8585	5496
8586	5497
8587	5498
8588	5499
8591	5500
8592	5501
8594	5502
8595	5503
8601	5504
8603	5505
8604	5506
8605	5507
8606	5508
8607	5509
8608	5510
8609	5511
8610	5512
8611	5513
8612	5514
8613	5515
8614	5516
8623	5517
8624	5518
8625	5519
8626	5520
8627	5521
8628	5522
8629	5523
8630	5524
8631	5525
8632	5526
8633	5527
8634	5528
8636	5529
8640	5530
8641	5531
8642	5532
8643	5533
8644	5534
8645	5535
8646	5536
8647	5537
8648	5538
8649	5539
8655	5540
8656	5541
8657	5542
8659	5543
8660	5544
8661	5545
8662	5546
8665	5547
8666	5548
8668	5549
8669	5550
8670	5551
8672	5552
8678	5553
8679	5554
8682	5555
8686	5556
8688	5557
8690	5558
8691	5559
8692	5560
8694	5561
8696	5562
8697	5563
8698	5564
8699	5565
8700	5566
8701	5567
8702	5568
8703	5569
8704	5570
8706	5571
8707	5572
8708	5573
8709	5574
8710	5575
8711	5576
8712	5577
8713	5578
8714	5579
8715	5580
8716	5581
8717	5582
8718	5583
8724	5584
8725	5585
8727	5586
8728	5587
8729	5588
8730	5589
8731	5590
8732	5591
8733	5592
8734	5593
8735	5594
8736	5595
8738	5596
8739	5597
8740	5598
8741	5599
8742	5600
8743	5601
8744	5602
8745	5603
8746	5604
8747	5605
8748	5606
8749	5607
8751	5608
8754	5609
8755	5610
8758	5611
8759	5612
8761	5613
8764	5614
8765	5615
8766	5616
8768	5617
8769	5618
8770	5619
8772	5620
8776	5621
8778	5622
8780	5623
8781	5624
8787	5625
8789	5626
8790	5627
8792	5628
8793	5629
8794	5630
8795	5631
8796	5632
8797	5633
8798	5634
8799	5635
8800	5636
8803	5637
8806	5638
8807	5639
8808	5640
8810	5641
8811	5642
8812	5643
8813	5644
8814	5645
8815	5646
8816	5647
8817	5648
8819	5649
8820	5650
8821	5651
8822	5652
8823	5653
8826	5654
8829	5655
8830	5656
8831	5657
8832	5658
8833	5659
8834	5660
8838	5661
8839	5662
8840	5663
8841	5664
8842	5665
8846	5666
8847	5667
8848	5668
8855	5669
8856	5670
8857	5671
8858	5672
8859	5673
8860	5674
8867	5675
8868	5676
8869	5677
8870	5678
8872	5679
8873	5680
8874	5681
8879	5682
8884	5683
8885	5684
8886	5685
8887	5686
8888	5687
8892	5688
8893	5689
8894	5690
8898	5691
8899	5692
8900	5693
8901	5694
8902	5695
8906	5696
8908	5697
8909	5698
8910	5699
8911	5700
8914	5701
8916	5702
8919	5703
8925	5704
8930	5705
8932	5706
8933	5707
8935	5708
8936	5709
8937	5710
8939	5711
8940	5712
8941	5713
8942	5714
8943	5715
8944	5716
8945	5717
8947	5718
8948	5719
8949	5720
8950	5721
8951	5722
8952	5723
8953	5724
8954	5725
8955	5726
8956	5727
8957	5728
8958	5729
8960	5730
8961	5731
8963	5732
8964	5733
8965	5734
8966	5735
8967	5736
8968	5737
8970	5738
8972	5739
8973	5740
8975	5741
8976	5742
8977	5743
8978	5744
8979	5745
8981	5746
8984	5747
8985	5748
8986	5749
8987	5750
8990	5751
8991	5752
8992	5753
8993	5754
8994	5755
8995	5756
8996	5757
8997	5758
8998	5759
8999	5760
9007	5761
9008	5762
9009	5763
9010	5764
9012	5765
9013	5766
9015	5767
9017	5768
9019	5769
9020	5770
9022	5771
9023	5772
9024	5773
9025	5774
9027	5775
9029	5776
9030	5777
9031	5778
9032	5779
9033	5780
9034	5781
9035	5782
9036	5783
9037	5784
9038	5785
9039	5786
9041	5787
9043	5788
9044	5789
9046	5790
9048	5791
9051	5792
9052	5793
9053	5794
9054	5795
9055	5796
9056	5797
9057	5798
9058	5799
9060	5800
9066	5801
9067	5802
9068	5803
9075	5804
9076	5805
9077	5806
9078	5807
9081	5808
9082	5809
9083	5810
9088	5811
9089	5812
9090	5813
9091	5814
9092	5815
9093	5816
9094	5817
9095	5818
9099	5819
9100	5820
9101	5821
9102	5822
9103	5823
9104	5824
9105	5825
9106	5826
9107	5827
9108	5828
9109	5829
9110	5830
9111	5831
9112	5832
9113	5833
9114	5834
9116	5835
9118	5836
9119	5837
9120	5838
9121	5839
9123	5840
9124	5841
9125	5842
9128	5843
9131	5844
9132	5845
9133	5846
9134	5847
9135	5848
9136	5849
9137	5850
9138	5851
9140	5852
9141	5853
9142	5854
9144	5855
9145	5856
9147	5857
9148	5858
9149	5859
9153	5860
9154	5861
9157	5862
9158	5863
9160	5864
9161	5865
9162	5866
9163	5867
9165	5868
9166	5869
9167	5870
9168	5871
9171	5872
9172	5873
9173	5874
9177	5875
9178	5876
9179	5877
9183	5878
9184	5879
9185	5880
9187	5881
9188	5882
9189	5883
9191	5884
9192	5885
9196	5886
9197	5887
9198	5888
9199	5889
9200	5890
9201	5891
9202	5892
9204	5893
9205	5894
9206	5895
9209	5896
9210	5897
9211	5898
9213	5899
9214	5900
9215	5901
9216	5902
9217	5903
9219	5904
9221	5905
9222	5906
9223	5907
9224	5908
9225	5909
9226	5910
9227	5911
9228	5912
9229	5913
9230	5914
9231	5915
9232	5916
9233	5917
9234	5918
9235	5919
9236	5920
9237	5921
9238	5922
9239	5923
9240	5924
9241	5925
9242	5926
9243	5927
9244	5928
9245	5929
9246	5930
9247	5931
9248	5932
9249	5933
9250	5934
9251	5935
9252	5936
9253	5937
9258	5938
9259	5939
9260	5940
9261	5941
9262	5942
9263	5943
9264	5944
9265	5945
9266	5946
9267	5947
9268	5948
9269	5949
9270	5950
9271	5951
9272	5952
9273	5953
9274	5954
9275	5955
9277	5956
9278	5957
9279	5958
9281	5959
9282	5960
9283	5961
9284	5962
9285	5963
9286	5964
9288	5965
9289	5966
9290	5967
9291	5968
9292	5969
9293	5970
9294	5971
9295	5972
9296	5973
9297	5974
9298	5975
9299	5976
9301	5977
9302	5978
9303	5979
9304	5980
9305	5981
9308	5982
9309	5983
9310	5984
9312	5985
9313	5986
9314	5987
9315	5988
9316	5989
9317	5990
9318	5991
9319	5992
9320	5993
9321	5994
9322	5995
9323	5996
9324	5997
9325	5998
9327	5999
9330	6000
9331	6001
9332	6002
9333	6003
9334	6004
9335	6005
9336	6006
9337	6007
9338	6008
9339	6009
9340	6010
9341	6011
9342	6012
9343	6013
9344	6014
9345	6015
9347	6016
9349	6017
9350	6018
9351	6019
9352	6020
9353	6021
9354	6022
9355	6023
9356	6024
9357	6025
9358	6026
9359	6027
9360	6028
9361	6029
9362	6030
9363	6031
9364	6032
9365	6033
9368	6034
9369	6035
9370	6036
9371	6037
9372	6038
9373	6039
9376	6040
9377	6041
9378	6042
9379	6043
9380	6044
9381	6045
9384	6046
9385	6047
9386	6048
9387	6049
9388	6050
9389	6051
9390	6052
9393	6053
9394	6054
9395	6055
9396	6056
9397	6057
9398	6058
9402	6059
9404	6060
9405	6061
9406	6062
9407	6063
9409	6064
9410	6065
9411	6066
9412	6067
9413	6068
9414	6069
9415	6070
9416	6071
9417	6072
9419	6073
9420	6074
9421	6075
9422	6076
9423	6077
9424	6078
9425	6079
9427	6080
9428	6081
9430	6082
9431	6083
9432	6084
9433	6085
9438	6086
9445	6087
9450	6088
9454	6089
9460	6090
9461	6091
9462	6092
9464	6093
9467	6094
9468	6095
9470	6096
9471	6097
9473	6098
9474	6099
9475	6100
9476	6101
9477	6102
9478	6103
9482	6104
9485	6105
9487	6106
9489	6107
9490	6108
9491	6109
9492	6110
9493	6111
9494	6112
9495	6113
9498	6114
9499	6115
9500	6116
9501	6117
9502	6118
9504	6119
9506	6120
9507	6121
9508	6122
9509	6123
9510	6124
9511	6125
9512	6126
9513	6127
9514	6128
9515	6129
9516	6130
9517	6131
9528	6132
9529	6133
9531	6134
9532	6135
9533	6136
9534	6137
9545	6138
9546	6139
9547	6140
9549	6141
9553	6142
9554	6143
9555	6144
9556	6145
9557	6146
9558	6147
9559	6148
9560	6149
9561	6150
9562	6151
9563	6152
9564	6153
9565	6154
9567	6155
9568	6156
9569	6157
9571	6158
9576	6159
9583	6160
9585	6161
9586	6162
9587	6163
9588	6164
9589	6165
9590	6166
9591	6167
9592	6168
9593	6169
9594	6170
9595	6171
9596	6172
9597	6173
9598	6174
9599	6175
9600	6176
9601	6177
9602	6178
9603	6179
9604	6180
9605	6181
9612	6182
9613	6183
9614	6184
9615	6185
9616	6186
9617	6187
9618	6188
9620	6189
9621	6190
9622	6191
9624	6192
9625	6193
9626	6194
9630	6195
9631	6196
9643	6197
9646	6198
9647	6199
9648	6200
9653	6201
9655	6202
9657	6203
9658	6204
9659	6205
9660	6206
9661	6207
9662	6208
9663	6209
9664	6210
9665	6211
9666	6212
9667	6213
9674	6214
9675	6215
9682	6216
9685	6217
9686	6218
9687	6219
9692	6220
9694	6221
9695	6222
9696	6223
9698	6224
9699	6225
9700	6226
9701	6227
9702	6228
9703	6229
9704	6230
9705	6231
9711	6232
9712	6233
9713	6234
9715	6235
9717	6236
9718	6237
9719	6238
9720	6239
9723	6240
9724	6241
9725	6242
9727	6243
9734	6244
9735	6245
9737	6246
9738	6247
9739	6248
9741	6249
9742	6250
9743	6251
9744	6252
9745	6253
9749	6254
9753	6255
9754	6256
9756	6257
9757	6258
9758	6259
9763	6260
9764	6261
9765	6262
9774	6263
9775	6264
9776	6265
9786	6266
9788	6267
9790	6268
9793	6269
9795	6270
9796	6271
9797	6272
9798	6273
9800	6274
9801	6275
9802	6276
9803	6277
9804	6278
9805	6279
9810	6280
9831	6281
9832	6282
9833	6283
9836	6284
9837	6285
9838	6286
9839	6287
9840	6288
9844	6289
9845	6290
